0.00000000 0.00000000 0.52173913 0.00000000 0.47826087 0.00000000
0.06451613 0.06451613 0.08064516 0.00000000 0.75806452 0.03225806
0.18918919 0.13513514 0.28378378 0.32432432 0.02702703 0.04054054
0.26041667 0.00000000 0.07291667 0.33333333 0.00000000 0.33333333
0.49612403 0.05426357 0.07751938 0.01550388 0.06201550 0.29457364
0.33333333 0.33333333 0.33333333 0.00000000 0.00000000 0.00000000
0.02339181 0.13450292 0.05263158 0.27485380 0.00000000 0.51461988
0.00000000 0.00000000 0.17021277 0.00000000 0.82978723 0.00000000
0.00000000 0.00000000 0.25555556 0.00000000 0.74444444 0.00000000
0.49586777 0.14049587 0.05785124 0.00000000 0.00000000 0.30578512
0.10948905 0.00000000 0.08029197 0.31386861 0.00000000 0.49635036
0.17073171 0.12195122 0.18292683 0.10162602 0.09349593 0.32926829
0.10810811 0.12612613 0.11711712 0.11711712 0.27927928 0.25225225
0.00000000 0.00000000 0.26153846 0.00000000 0.61538462 0.12307692
0.00000000 0.00000000 0.25000000 0.00000000 0.73958333 0.01041667
0.00000000 0.00000000 0.44262295 0.00000000 0.32786885 0.22950820
0.17241379 0.03448276 0.07586207 0.24827586 0.31724138 0.15172414
0.24752475 0.16336634 0.00000000 0.21287129 0.00000000 0.37623762
0.26285714 0.34285714 0.11428571 0.03428571 0.00000000 0.24571429
0.00000000 0.00000000 0.33333333 0.22222222 0.33333333 0.11111111
0.23437500 0.21875000 0.12500000 0.32812500 0.00000000 0.09375000
0.07317073 0.00000000 0.39024390 0.12195122 0.14634146 0.26829268
0.00000000 0.00000000 0.31250000 0.00000000 0.68750000 0.00000000
0.00000000 0.00000000 0.00000000 0.23684211 0.00000000 0.76315789
0.00000000 0.00000000 0.45714286 0.00000000 0.42857143 0.11428571
0.00000000 0.00000000 0.41095890 0.38356164 0.00000000 0.20547945
0.12328767 0.17808219 0.31506849 0.17808219 0.00000000 0.20547945
0.00000000 0.00000000 0.00000000 0.00000000 1.00000000 0.00000000
0.00000000 0.00000000 0.34782609 0.04347826 0.60869565 0.00000000
0.08176101 0.00000000 0.15723270 0.21383648 0.02515723 0.52201258
0.00000000 0.00000000 0.46153846 0.38461538 0.07692308 0.07692308
0.01156069 0.00000000 0.26589595 0.18497110 0.00000000 0.53757225
0.00000000 0.00000000 0.94736842 0.00000000 0.05263158 0.00000000
0.00000000 0.00000000 0.37681159 0.00000000 0.59420290 0.02898551
0.00000000 0.00000000 0.65979381 0.02061856 0.31958763 0.00000000
0.02105263 0.03157895 0.04210526 0.05263158 0.54736842 0.30526316
0.00000000 0.00000000 0.55371901 0.07438017 0.27272727 0.09917355
0.00000000 0.00000000 0.29687500 0.00000000 0.70312500 0.00000000
0.30519481 0.21428571 0.11038961 0.12337662 0.00000000 0.24675325
0.00000000 0.00000000 0.64705882 0.00000000 0.35294118 0.00000000
0.15053763 0.16666667 0.00000000 0.37096774 0.00000000 0.31182796
0.00000000 0.00000000 0.30000000 0.33333333 0.36666667 0.00000000
0.00000000 0.00000000 0.50000000 0.00000000 0.50000000 0.00000000
0.29702970 0.16831683 0.03960396 0.14851485 0.17821782 0.16831683
0.00000000 0.00000000 0.80000000 0.00000000 0.10000000 0.10000000
0.00000000 0.00000000 0.17741935 0.00000000 0.82258065 0.00000000
0.06329114 0.08860759 0.40506329 0.16455696 0.13924051 0.13924051
0.00000000 0.00000000 0.19672131 0.16393443 0.54098361 0.09836066
0.09677419 0.09677419 0.01290323 0.20645161 0.00000000 0.58709677
0.00000000 0.00000000 0.24705882 0.24705882 0.00000000 0.50588235
0.04316547 0.04316547 0.00000000 0.23741007 0.04316547 0.63309353
0.00000000 0.00000000 0.23255814 0.16279070 0.00000000 0.60465116
0.13286713 0.26573427 0.03496503 0.18881119 0.00000000 0.37762238
0.16822430 0.16822430 0.15887850 0.04672897 0.13084112 0.32710280
0.00000000 0.00000000 0.18000000 0.00000000 0.82000000 0.00000000
0.25196850 0.00787402 0.25196850 0.08661417 0.00000000 0.40157480
0.00000000 0.00000000 0.22950820 0.00000000 0.77049180 0.00000000
0.00000000 0.00000000 0.33928571 0.10714286 0.48214286 0.07142857
0.13559322 0.06779661 0.16101695 0.14406780 0.00000000 0.49152542
0.00000000 0.20000000 0.56000000 0.00000000 0.24000000 0.00000000
0.00000000 0.00000000 0.04054054 0.00000000 0.75675676 0.20270270
0.08080808 0.01010101 0.13131313 0.39393939 0.16161616 0.22222222
0.07368421 0.10526316 0.21052632 0.12631579 0.35789474 0.12631579
0.12087912 0.02197802 0.29670330 0.16483516 0.00000000 0.39560440
0.08333333 0.05208333 0.18750000 0.64583333 0.00000000 0.03125000
0.00000000 0.00000000 0.21052632 0.48684211 0.07894737 0.22368421
0.14179104 0.00000000 0.11194030 0.28358209 0.32089552 0.14179104
0.00000000 0.00000000 0.60000000 0.15714286 0.24285714 0.00000000
0.15652174 0.00000000 0.13043478 0.53043478 0.00000000 0.18260870
0.04285714 0.04285714 0.14285714 0.00000000 0.77142857 0.00000000
0.10169492 0.00000000 0.27118644 0.23728814 0.20338983 0.18644068
0.07608696 0.25000000 0.26086957 0.09782609 0.15217391 0.16304348
0.31818182 0.11363636 0.17045455 0.13636364 0.00000000 0.26136364
0.28070175 0.01754386 0.07017544 0.22807018 0.00000000 0.40350877
0.03973510 0.03311258 0.13245033 0.27152318 0.00000000 0.52317881
0.53125000 0.12500000 0.34375000 0.00000000 0.00000000 0.00000000
0.22222222 0.13450292 0.01754386 0.16959064 0.20467836 0.25146199
0.00000000 0.00000000 0.21276596 0.00000000 0.12765957 0.65957447
0.06796117 0.00970874 0.13592233 0.11650485 0.55339806 0.11650485
0.03539823 0.11504425 0.03539823 0.23893805 0.00000000 0.57522124
0.00000000 0.00000000 0.16049383 0.00000000 0.83950617 0.00000000
0.00000000 0.00000000 0.35555556 0.08888889 0.00000000 0.55555556
0.13592233 0.21359223 0.32038835 0.10679612 0.02912621 0.19417476
0.00000000 0.00000000 0.15384615 0.00000000 0.02197802 0.82417582
0.00000000 0.00000000 0.80000000 0.03076923 0.10769231 0.06153846
0.00000000 0.00000000 0.24242424 0.10101010 0.57575758 0.08080808
0.06363636 0.00000000 0.21818182 0.46363636 0.00000000 0.25454545
0.00000000 0.18181818 0.57575758 0.02020202 0.22222222 0.00000000
0.02272727 0.02272727 0.45454545 0.32954545 0.00000000 0.17045455
0.15740741 0.10185185 0.03703704 0.49074074 0.00000000 0.21296296
0.12380952 0.00000000 0.15238095 0.31428571 0.19047619 0.21904762
0.00000000 0.00000000 0.46511628 0.02325581 0.51162791 0.00000000
0.00000000 0.00000000 0.10526316 0.00000000 0.89473684 0.00000000
0.23157895 0.13684211 0.00000000 0.32982456 0.00000000 0.30175439
0.27777778 0.02222222 0.28888889 0.07777778 0.33333333 0.00000000
0.00000000 0.00000000 0.54255319 0.01063830 0.44680851 0.00000000
0.00000000 0.00000000 0.31343284 0.01492537 0.67164179 0.00000000
0.05714286 0.00000000 0.17142857 0.11428571 0.22857143 0.42857143
0.07741935 0.02580645 0.02580645 0.26451613 0.00000000 0.60645161
0.00000000 0.00000000 0.05882353 0.16666667 0.00000000 0.77450980
0.00000000 0.00000000 0.31914894 0.00000000 0.68085106 0.00000000
0.10077519 0.08527132 0.02325581 0.66666667 0.00000000 0.12403101
0.26250000 0.05000000 0.07500000 0.16250000 0.11250000 0.33750000
0.34693878 0.11224490 0.13265306 0.00000000 0.00000000 0.40816327
0.00000000 0.00000000 0.00000000 0.00000000 1.00000000 0.00000000
0.19402985 0.04477612 0.00000000 0.22388060 0.04477612 0.49253731
0.00000000 0.00000000 0.00000000 0.00000000 0.00000000 0.00000000
0.16521739 0.13043478 0.12173913 0.36521739 0.00000000 0.21739130
0.12000000 0.12000000 0.20000000 0.12000000 0.00000000 0.44000000
0.25000000 0.25000000 0.40384615 0.00000000 0.00000000 0.09615385
0.13592233 0.11650485 0.23300971 0.33980583 0.00000000 0.17475728
0.77777778 0.00000000 0.00000000 0.00000000 0.22222222 0.00000000
0.11111111 0.02380952 0.16666667 0.16666667 0.00000000 0.53174603
0.09090909 0.00000000 0.64935065 0.05194805 0.00000000 0.20779221
0.02238806 0.00000000 0.17164179 0.30597015 0.00000000 0.50000000
0.00000000 0.00000000 0.04615385 0.81538462 0.00000000 0.13846154
0.04878049 0.00000000 0.46341463 0.00000000 0.00000000 0.48780488
0.10483871 0.15322581 0.01612903 0.18548387 0.04032258 0.50000000
0.25000000 0.04545455 0.04545455 0.44318182 0.00000000 0.21590909
0.00000000 0.00000000 0.21739130 0.00000000 0.78260870 0.00000000
0.00000000 0.00000000 0.13207547 0.01886792 0.79245283 0.05660377
0.00000000 0.13414634 0.65853659 0.00000000 0.20731707 0.00000000
0.00000000 0.00000000 0.11320755 0.16981132 0.26415094 0.45283019
0.00000000 0.00000000 0.78571429 0.00000000 0.21428571 0.00000000
0.41176471 0.47058824 0.11764706 0.00000000 0.00000000 0.00000000
0.04255319 0.10638298 0.14893617 0.00000000 0.36170213 0.34042553
0.00000000 0.00000000 0.36666667 0.48333333 0.15000000 0.00000000
0.05590062 0.01863354 0.22360248 0.13043478 0.00000000 0.57142857
0.00000000 0.00000000 0.29268293 0.00000000 0.70731707 0.00000000
0.27551020 0.00000000 0.44897959 0.14285714 0.00000000 0.13265306
0.31372549 0.09803922 0.09803922 0.32026144 0.00000000 0.16993464
0.00000000 0.00000000 0.27058824 0.52941176 0.00000000 0.20000000
0.00000000 0.00000000 0.25000000 0.00000000 0.25000000 0.50000000
0.02531646 0.00000000 0.00000000 0.17721519 0.10126582 0.69620253
0.19428571 0.26285714 0.18857143 0.08571429 0.00000000 0.26857143
0.00000000 0.12903226 0.74193548 0.00000000 0.12903226 0.00000000
0.00000000 0.00000000 0.24705882 0.07058824 0.68235294 0.00000000
0.00000000 0.00000000 0.15584416 0.06493506 0.77922078 0.00000000
0.00000000 0.04444444 0.35555556 0.06666667 0.11111111 0.42222222
0.04615385 0.00000000 0.16923077 0.13846154 0.00000000 0.64615385
0.00000000 0.00000000 0.23437500 0.00000000 0.76562500 0.00000000
0.00000000 0.00000000 0.31818182 0.00000000 0.68181818 0.00000000
0.00000000 0.00000000 0.33510638 0.14893617 0.44680851 0.06914894
0.13333333 0.08333333 0.61666667 0.00000000 0.00000000 0.16666667
0.00000000 0.00000000 0.47368421 0.00000000 0.52631579 0.00000000
0.27848101 0.10126582 0.16455696 0.12658228 0.13924051 0.18987342
0.00000000 0.00000000 0.11320755 0.16981132 0.71698113 0.00000000
0.00000000 0.00000000 0.09756098 0.00000000 0.90243902 0.00000000
0.00000000 0.00000000 0.00000000 0.00000000 1.00000000 0.00000000
0.02380952 0.00000000 0.00793651 0.24603175 0.02380952 0.69841270
0.00000000 0.00000000 0.67032967 0.13186813 0.14285714 0.05494505
0.00000000 0.00000000 0.27941176 0.01470588 0.70588235 0.00000000
0.26804124 0.17010309 0.00000000 0.29381443 0.06185567 0.20618557
0.22807018 0.18421053 0.00000000 0.32894737 0.00000000 0.25877193
0.24509804 0.18627451 0.00000000 0.30392157 0.00000000 0.26470588
0.07692308 0.21153846 0.21153846 0.11538462 0.13461538 0.25000000
0.00000000 0.00000000 0.16666667 0.00000000 0.56666667 0.26666667
0.00000000 0.00000000 0.08333333 0.00000000 0.00000000 0.91666667
0.00000000 0.00000000 0.21568627 0.00000000 0.78431373 0.00000000
0.18085106 0.00000000 0.13829787 0.34042553 0.00000000 0.34042553
0.83333333 0.00000000 0.16666667 0.00000000 0.00000000 0.00000000
0.00000000 0.06756757 0.16216216 0.10810811 0.66216216 0.00000000
0.02941176 0.00000000 0.00000000 0.54901961 0.00000000 0.42156863
0.18000000 0.08000000 0.12666667 0.34000000 0.00000000 0.27333333
0.02352941 0.05882353 0.22352941 0.10588235 0.01176471 0.57647059
0.07633588 0.03053435 0.16793893 0.54198473 0.00000000 0.18320611
0.44776119 0.08955224 0.03731343 0.17910448 0.11940299 0.12686567
0.35087719 0.23684211 0.12280702 0.00000000 0.00000000 0.28947368
0.00000000 0.21111111 0.70000000 0.00000000 0.08888889 0.00000000
0.00000000 0.00000000 1.00000000 0.00000000 0.00000000 0.00000000
0.00000000 0.00000000 0.45833333 0.00000000 0.41666667 0.12500000
0.08064516 0.00000000 0.35483871 0.14516129 0.00000000 0.41935484
0.00000000 0.00000000 0.28571429 0.21848739 0.46218487 0.03361345
0.00000000 0.00000000 0.10000000 0.00000000 0.90000000 0.00000000
0.28099174 0.14049587 0.17355372 0.40495868 0.00000000 0.00000000
0.31168831 0.08441558 0.00000000 0.34415584 0.00000000 0.25974026
0.00000000 0.00000000 0.21428571 0.00000000 0.78571429 0.00000000
0.15068493 0.00000000 0.30136986 0.00000000 0.00000000 0.54794521
0.00000000 0.02222222 0.51111111 0.13333333 0.24444444 0.08888889
0.12857143 0.00000000 0.21428571 0.57142857 0.00000000 0.08571429
0.00000000 0.00000000 0.11111111 0.17777778 0.71111111 0.00000000
0.32203390 0.05932203 0.03389831 0.39830508 0.00000000 0.18644068
0.00000000 0.14736842 0.78947368 0.00000000 0.06315789 0.00000000
0.09160305 0.15267176 0.03053435 0.11450382 0.13740458 0.47328244
0.30000000 0.00000000 0.30000000 0.13333333 0.16666667 0.10000000
0.00000000 0.33333333 0.00000000 0.00000000 0.66666667 0.00000000
0.01948052 0.05844156 0.00000000 0.53246753 0.00000000 0.38961039
0.00000000 0.00000000 0.15584416 0.58441558 0.15584416 0.10389610
0.03157895 0.27894737 0.12105263 0.37894737 0.07894737 0.11052632
0.11392405 0.00000000 0.02531646 0.21518987 0.00000000 0.64556962
0.00000000 0.00000000 0.00000000 0.00000000 1.00000000 0.00000000
0.07070707 0.00000000 0.06060606 0.33333333 0.00000000 0.53535354
0.03896104 0.01298701 0.33766234 0.16883117 0.25974026 0.18181818
0.00000000 0.00000000 0.15384615 0.05128205 0.00000000 0.79487179
0.03883495 0.00000000 0.02912621 0.53398058 0.23300971 0.16504854
0.00000000 0.00000000 0.46464646 0.25252525 0.26262626 0.02020202
0.00000000 0.00000000 0.27083333 0.47916667 0.00000000 0.25000000
0.04545455 0.07575758 0.00000000 0.01515152 0.15151515 0.71212121
0.07692308 0.00000000 0.37606838 0.47863248 0.00000000 0.06837607
0.00000000 0.00000000 0.20000000 0.13333333 0.66666667 0.00000000
0.18045113 0.06766917 0.18796992 0.10526316 0.00000000 0.45864662
0.00000000 0.00000000 0.29310345 0.00000000 0.70689655 0.00000000
0.48387097 0.51612903 0.00000000 0.00000000 0.00000000 0.00000000
0.00000000 0.00000000 0.24050633 0.00000000 0.75949367 0.00000000
0.36363636 0.00000000 0.00000000 0.36363636 0.00000000 0.27272727
0.00000000 0.00000000 0.12745098 0.00000000 0.87254902 0.00000000
0.21705426 0.23255814 0.00000000 0.00000000 0.20930233 0.34108527
0.00000000 0.00000000 0.36458333 0.45833333 0.00000000 0.17708333
0.19209040 0.29378531 0.00000000 0.25988701 0.03389831 0.22033898
0.00000000 0.00000000 0.50000000 0.00000000 0.50000000 0.00000000
0.02439024 0.00000000 0.29268293 0.04878049 0.58536585 0.04878049
0.03076923 0.00000000 0.16923077 0.56923077 0.06153846 0.16923077
0.00000000 0.00000000 0.11340206 0.00000000 0.88659794 0.00000000
0.01149425 0.00000000 0.13793103 0.00000000 0.08045977 0.77011494
0.11057692 0.04807692 0.10096154 0.28846154 0.00000000 0.45192308
0.19565217 0.00000000 0.64130435 0.00000000 0.00000000 0.16304348
0.00000000 0.00000000 0.27272727 0.00000000 0.72727273 0.00000000
0.00000000 0.00000000 0.35000000 0.00000000 0.65000000 0.00000000
0.10483871 0.09677419 0.23387097 0.13709677 0.00000000 0.42741935
0.02654867 0.04424779 0.09734513 0.24778761 0.02654867 0.55752212
0.02439024 0.00000000 0.32926829 0.03658537 0.57317073 0.03658537
0.09090909 0.24242424 0.00000000 0.03030303 0.00000000 0.63636364
0.00000000 0.00000000 0.18461538 0.00000000 0.81538462 0.00000000
0.29670330 0.25824176 0.08791209 0.03296703 0.00000000 0.32417582
0.34862385 0.15596330 0.06422018 0.30275229 0.00000000 0.12844037
0.25365854 0.42439024 0.12195122 0.08780488 0.00000000 0.11219512
0.07272727 0.41818182 0.00000000 0.00000000 0.00000000 0.50909091
0.04395604 0.07692308 0.21978022 0.35164835 0.00000000 0.30769231
0.00000000 0.04166667 0.58333333 0.27083333 0.10416667 0.00000000
0.17142857 0.00000000 0.00000000 0.00000000 0.00000000 0.82857143
0.22222222 0.64814815 0.00000000 0.00000000 0.07407407 0.05555556
0.25000000 0.21875000 0.06250000 0.03125000 0.03125000 0.40625000
0.04109589 0.00000000 0.04109589 0.08219178 0.06849315 0.76712329
0.00000000 0.00000000 0.43220339 0.00000000 0.56779661 0.00000000
0.20000000 0.06956522 0.17391304 0.39130435 0.00000000 0.16521739
0.09821429 0.03571429 0.20535714 0.60714286 0.00000000 0.05357143
0.00000000 0.00000000 0.16666667 0.03333333 0.28333333 0.51666667
0.09090909 0.04545455 0.10606061 0.00000000 0.19696970 0.56060606
0.00000000 0.00000000 0.26666667 0.35555556 0.17777778 0.20000000
0.00000000 0.00000000 0.53125000 0.00000000 0.46875000 0.00000000
0.00000000 0.00000000 0.36607143 0.00000000 0.63392857 0.00000000
0.30303030 0.27272727 0.09090909 0.07272727 0.08484848 0.17575758
0.00000000 0.00000000 0.42857143 0.00000000 0.57142857 0.00000000
0.00000000 0.00000000 0.04545455 0.00000000 0.95454545 0.00000000
0.21428571 0.21428571 0.46428571 0.00000000 0.10714286 0.00000000
0.20175439 0.09649123 0.14912281 0.42105263 0.00000000 0.13157895
0.03296703 0.00000000 0.07692308 0.63736264 0.10989011 0.14285714
0.05217391 0.00000000 0.44347826 0.28695652 0.00000000 0.21739130
0.17931034 0.11724138 0.24827586 0.13103448 0.18620690 0.13793103
0.19200000 0.00000000 0.00000000 0.12800000 0.00000000 0.68000000
0.23170732 0.15853659 0.19512195 0.23170732 0.00000000 0.18292683
0.00000000 0.08823529 0.17647059 0.00000000 0.64705882 0.08823529
0.35333333 0.17333333 0.12666667 0.24000000 0.00000000 0.10666667
0.38202247 0.02247191 0.00000000 0.20224719 0.20224719 0.19101124
0.00769231 0.00000000 0.10000000 0.35384615 0.26153846 0.27692308
0.35582822 0.07975460 0.06134969 0.36196319 0.00000000 0.14110429
0.00000000 0.00000000 0.22222222 0.00000000 0.77777778 0.00000000
0.23140496 0.09090909 0.11570248 0.42148760 0.00826446 0.13223140
0.04225352 0.00000000 0.45070423 0.14084507 0.21126761 0.15492958
0.09090909 0.00000000 0.00000000 0.45454545 0.00000000 0.45454545
0.00000000 0.00000000 0.13953488 0.00000000 0.86046512 0.00000000
0.00000000 0.00000000 0.11764706 0.00000000 0.88235294 0.00000000
0.26923077 0.30769231 0.00000000 0.26923077 0.00000000 0.15384615
0.00000000 0.03738318 0.14953271 0.24299065 0.48598131 0.08411215
0.18644068 0.03389831 0.13559322 0.45762712 0.00000000 0.18644068
0.00000000 0.00000000 0.14285714 0.48051948 0.12987013 0.24675325
0.00000000 0.00000000 0.15217391 0.06521739 0.78260870 0.00000000
0.00000000 0.00000000 0.54166667 0.34722222 0.11111111 0.00000000
0.00000000 0.00000000 0.19565217 0.00000000 0.80434783 0.00000000
0.00000000 0.00000000 0.43939394 0.00000000 0.56060606 0.00000000
0.17557252 0.03053435 0.10687023 0.35114504 0.00000000 0.33587786
0.00000000 0.00000000 0.18181818 0.00000000 0.81818182 0.00000000
0.00000000 0.00000000 0.17391304 0.57391304 0.00000000 0.25217391
0.24074074 0.13580247 0.16666667 0.03703704 0.00000000 0.41975309
0.26315789 0.17105263 0.00000000 0.31578947 0.00000000 0.25000000
0.00000000 0.00000000 0.75438596 0.00000000 0.24561404 0.00000000
0.00000000 0.00000000 0.46296296 0.09259259 0.44444444 0.00000000
0.00000000 0.00000000 0.00000000 0.00000000 1.00000000 0.00000000
0.00000000 0.00000000 0.17142857 0.07142857 0.02857143 0.72857143
0.10869565 0.04347826 0.16304348 0.21739130 0.42391304 0.04347826
0.34615385 0.10000000 0.03846154 0.11538462 0.20769231 0.19230769
0.13114754 0.00000000 0.27868852 0.09836066 0.16393443 0.32786885
0.03669725 0.00000000 0.17431193 0.64220183 0.00000000 0.14678899
0.00000000 0.00000000 0.32432432 0.00000000 0.24324324 0.43243243
0.01282051 0.10256410 0.23076923 0.12820513 0.43589744 0.08974359
0.00000000 0.00000000 0.24691358 0.07407407 0.67901235 0.00000000
0.28440367 0.08256881 0.12844037 0.13761468 0.12844037 0.23853211
0.15315315 0.18918919 0.00000000 0.54954955 0.00000000 0.10810811
0.00000000 0.00000000 0.00000000 0.00000000 1.00000000 0.00000000
0.00000000 0.00000000 0.17391304 0.00000000 0.82608696 0.00000000
0.00000000 0.00000000 0.00000000 0.00000000 0.00000000 0.00000000
0.00000000 0.00000000 1.00000000 0.00000000 0.00000000 0.00000000
0.03296703 0.00000000 0.17582418 0.03296703 0.57142857 0.18681319
0.00000000 0.00000000 0.30769231 0.00000000 0.69230769 0.00000000
0.00000000 0.00000000 0.37704918 0.00000000 0.62295082 0.00000000
0.00000000 0.00000000 0.20000000 0.00000000 0.80000000 0.00000000
0.35714286 0.35714286 0.00000000 0.00000000 0.28571429 0.00000000
0.18750000 0.00000000 0.00000000 0.00000000 0.52083333 0.29166667
0.15686275 0.05882353 0.24836601 0.19607843 0.09803922 0.24183007
0.00000000 0.00000000 0.16793893 0.07633588 0.62595420 0.12977099
0.00000000 0.00000000 0.20689655 0.48275862 0.00000000 0.31034483
0.03076923 0.03076923 0.16923077 0.18461538 0.44615385 0.13846154
0.06547619 0.00000000 0.05357143 0.36309524 0.00000000 0.51785714
0.00000000 0.00000000 0.25454545 0.00000000 0.74545455 0.00000000
0.00000000 0.00000000 0.10576923 0.49038462 0.00000000 0.40384615
0.23404255 0.00000000 0.46808511 0.06382979 0.00000000 0.23404255
0.00000000 0.00000000 0.13333333 0.00000000 0.86666667 0.00000000
0.00000000 0.00000000 0.21518987 0.00000000 0.74683544 0.03797468
0.06097561 0.31707317 0.28048780 0.06097561 0.14634146 0.13414634
0.13586957 0.17391304 0.23369565 0.24456522 0.05978261 0.15217391
0.06201550 0.00000000 0.20155039 0.17054264 0.00000000 0.56589147
0.27142857 0.01428571 0.30000000 0.01428571 0.27142857 0.12857143
0.00000000 0.00000000 0.46153846 0.00000000 0.43589744 0.10256410
0.00000000 0.00000000 0.30357143 0.00000000 0.69642857 0.00000000
0.15168539 0.08426966 0.12359551 0.42134831 0.09550562 0.12359551
0.57954545 0.07954545 0.30681818 0.00000000 0.00000000 0.03409091
0.00000000 0.00000000 0.27631579 0.00000000 0.72368421 0.00000000
0.00000000 0.00000000 0.13924051 0.22784810 0.55696203 0.07594937
0.07407407 0.05555556 0.12962963 0.16666667 0.55555556 0.01851852
0.00000000 0.00000000 0.13636364 0.00000000 0.86363636 0.00000000
0.00000000 0.00000000 0.58620690 0.34482759 0.06896552 0.00000000
0.00000000 0.00000000 0.24324324 0.00000000 0.75675676 0.00000000
0.09756098 0.17073171 0.41463415 0.00000000 0.31707317 0.00000000
0.00000000 0.00000000 0.42666667 0.00000000 0.57333333 0.00000000
0.00000000 0.05357143 0.51785714 0.08928571 0.14285714 0.19642857
0.00000000 0.00000000 0.23529412 0.38235294 0.38235294 0.00000000
0.00000000 0.00000000 0.31858407 0.00000000 0.68141593 0.00000000
0.63265306 0.10204082 0.00000000 0.12244898 0.00000000 0.14285714
0.00000000 0.00000000 0.05405405 0.00000000 0.94594595 0.00000000
0.07692308 0.00000000 0.00000000 0.64102564 0.00000000 0.28205128
0.00000000 0.00000000 0.77500000 0.02500000 0.11250000 0.08750000
0.09677419 0.00000000 0.00000000 0.00000000 0.00000000 0.90322581
0.02941176 0.02941176 0.14705882 0.23529412 0.38235294 0.17647059
0.04615385 0.00000000 0.30769231 0.24615385 0.00000000 0.40000000
0.29113924 0.18987342 0.15189873 0.15189873 0.00000000 0.21518987
0.30612245 0.29931973 0.17687075 0.00000000 0.09523810 0.12244898
0.17123288 0.30821918 0.13698630 0.14383562 0.00000000 0.23972603
0.00000000 0.00000000 0.09090909 0.00000000 0.90909091 0.00000000
0.11111111 0.00000000 0.18518519 0.00000000 0.22222222 0.48148148
0.00000000 0.00000000 0.32323232 0.04040404 0.63636364 0.00000000
0.00000000 0.32258065 0.40322581 0.06451613 0.19354839 0.01612903
0.00000000 0.04166667 0.54166667 0.25000000 0.16666667 0.00000000
0.00000000 0.18823529 0.65882353 0.00000000 0.15294118 0.00000000
0.10769231 0.09230769 0.18461538 0.29230769 0.00000000 0.32307692
0.00000000 0.00000000 0.22916667 0.22916667 0.35416667 0.18750000
0.00000000 0.00000000 0.15068493 0.20547945 0.52054795 0.12328767
0.25252525 0.00000000 0.12121212 0.50505051 0.00000000 0.12121212
0.01980198 0.00000000 0.12871287 0.14851485 0.69306931 0.00990099
0.28571429 0.16770186 0.02484472 0.19254658 0.00000000 0.32919255
0.12500000 0.18055556 0.43055556 0.09722222 0.00000000 0.16666667
0.00000000 0.00000000 0.31884058 0.00000000 0.68115942 0.00000000
0.06542056 0.21495327 0.16822430 0.09345794 0.05607477 0.40186916
0.00000000 0.00000000 0.48192771 0.00000000 0.51807229 0.00000000
0.13253012 0.06024096 0.09638554 0.25301205 0.00000000 0.45783133
0.01886792 0.00000000 0.18867925 0.00000000 0.79245283 0.00000000
0.00000000 0.14035088 0.00000000 0.40350877 0.00000000 0.45614035
0.00000000 0.00000000 0.28205128 0.00000000 0.71794872 0.00000000
0.10000000 0.04000000 0.12000000 0.40000000 0.00000000 0.34000000
0.02919708 0.00000000 0.00729927 0.34306569 0.00000000 0.62043796
0.05263158 0.01754386 0.12280702 0.50000000 0.00000000 0.30701754
0.18604651 0.08720930 0.09302326 0.33720930 0.00000000 0.29651163
0.01960784 0.33333333 0.49019608 0.01960784 0.13725490 0.00000000
0.34810127 0.34177215 0.08227848 0.00000000 0.00000000 0.22784810
0.02702703 0.00000000 0.10810811 0.05405405 0.01351351 0.79729730
0.41221374 0.23664122 0.02290076 0.02290076 0.00000000 0.30534351
0.00000000 0.00000000 0.20689655 0.00000000 0.79310345 0.00000000
0.00000000 0.00000000 0.34782609 0.00000000 0.65217391 0.00000000
0.38709677 0.09677419 0.09677419 0.16129032 0.00000000 0.25806452
0.02857143 0.00952381 0.13333333 0.36190476 0.44761905 0.01904762
0.36000000 0.00000000 0.21333333 0.20000000 0.18666667 0.04000000
0.62820513 0.00000000 0.19230769 0.00000000 0.00000000 0.17948718
0.21167883 0.07299270 0.04379562 0.36496350 0.02919708 0.27737226
0.15625000 0.11718750 0.00000000 0.37500000 0.00000000 0.35156250
0.00000000 0.00000000 0.28571429 0.00000000 0.71428571 0.00000000
0.10344828 0.31034483 0.25862069 0.12068966 0.00000000 0.20689655
0.19078947 0.09868421 0.05263158 0.39473684 0.00000000 0.26315789
0.03278689 0.50000000 0.04098361 0.24590164 0.06557377 0.11475410
0.00000000 0.00000000 0.76785714 0.00000000 0.23214286 0.00000000
0.04651163 0.00000000 0.05813953 0.39534884 0.00000000 0.50000000
0.00000000 0.00000000 0.24324324 0.00000000 0.75675676 0.00000000
0.00000000 0.00000000 0.27142857 0.10714286 0.00000000 0.62142857
0.07142857 0.02380952 0.16666667 0.58333333 0.00000000 0.15476190
0.00000000 0.00000000 0.87323944 0.07042254 0.05633803 0.00000000
0.26829268 0.00000000 0.43902439 0.12195122 0.14634146 0.02439024
0.00000000 0.23529412 0.17647059 0.00000000 0.00000000 0.58823529
0.44961240 0.12403101 0.00000000 0.15503876 0.00000000 0.27131783
0.00000000 0.00000000 0.33333333 0.00000000 0.66666667 0.00000000
0.00000000 0.00000000 0.00000000 0.72093023 0.00000000 0.27906977
0.00000000 0.00000000 0.18750000 0.00000000 0.81250000 0.00000000
0.32236842 0.11184211 0.11184211 0.09868421 0.00000000 0.35526316
0.00000000 0.12962963 0.33333333 0.00000000 0.00000000 0.53703704
0.38125000 0.20000000 0.00000000 0.14375000 0.00000000 0.27500000
0.00000000 0.00000000 0.36231884 0.00000000 0.63768116 0.00000000
0.00000000 0.00000000 0.41904762 0.04761905 0.50476190 0.02857143
0.03571429 0.04285714 0.31428571 0.08571429 0.00000000 0.52142857
0.00000000 0.00000000 0.12790698 0.00000000 0.87209302 0.00000000
0.26153846 0.00000000 0.24615385 0.46153846 0.03076923 0.00000000
0.00000000 0.00000000 0.66197183 0.04225352 0.29577465 0.00000000
0.00000000 0.00000000 0.31818182 0.07954545 0.52272727 0.07954545
0.09756098 0.17073171 0.07317073 0.00000000 0.00000000 0.65853659
0.27692308 0.37435897 0.08717949 0.04102564 0.02051282 0.20000000
0.00000000 0.00000000 0.33333333 0.00000000 0.64705882 0.01960784
0.04838710 0.00000000 0.14516129 0.14516129 0.51612903 0.14516129
0.04347826 0.00000000 0.30434783 0.15942029 0.31884058 0.17391304
0.36585366 0.00000000 0.00000000 0.12195122 0.00000000 0.51219512
0.00000000 0.00000000 0.28070175 0.00000000 0.71929825 0.00000000
0.00000000 0.00000000 0.21951220 0.00000000 0.78048780 0.00000000
0.00000000 0.00000000 0.40816327 0.00000000 0.59183673 0.00000000
0.14876033 0.14876033 0.10743802 0.19008264 0.04958678 0.35537190
0.00000000 0.00000000 0.20270270 0.00000000 0.79729730 0.00000000
0.16363636 0.05454545 0.05454545 0.00000000 0.27272727 0.45454545
0.09523810 0.04761905 0.21428571 0.14285714 0.00000000 0.50000000
0.00000000 0.00000000 0.25000000 0.00000000 0.75000000 0.00000000
0.10810811 0.10810811 0.01351351 0.12162162 0.16216216 0.48648649
0.00000000 0.00000000 0.34375000 0.00000000 0.65625000 0.00000000
0.00000000 0.00000000 1.00000000 0.00000000 0.00000000 0.00000000
0.00000000 0.00000000 0.22222222 0.44444444 0.23333333 0.10000000
0.00000000 0.05405405 0.10810811 0.00000000 0.56756757 0.27027027
0.16058394 0.00000000 0.00000000 0.64233577 0.00000000 0.19708029
0.00000000 0.00000000 0.19417476 0.04854369 0.64077670 0.11650485
0.00000000 0.00000000 0.00000000 0.00000000 1.00000000 0.00000000
0.00000000 0.00000000 0.57894737 0.00000000 0.42105263 0.00000000
0.06930693 0.28712871 0.18811881 0.12871287 0.00000000 0.32673267
0.00000000 0.07894737 0.47368421 0.00000000 0.00000000 0.44736842
0.00000000 0.00000000 0.15454545 0.00000000 0.84545455 0.00000000
0.00000000 0.00000000 0.34482759 0.00000000 0.65517241 0.00000000
0.01960784 0.00000000 0.15686275 0.45098039 0.15686275 0.21568627
0.37681159 0.05797101 0.08695652 0.05797101 0.02898551 0.39130435
0.19417476 0.14563107 0.00000000 0.45631068 0.00000000 0.20388350
0.00000000 0.00000000 0.14457831 0.43373494 0.42168675 0.00000000
0.00000000 0.00000000 0.15384615 0.00000000 0.84615385 0.00000000
0.00000000 0.00000000 0.19101124 0.00000000 0.80898876 0.00000000
0.08045977 0.10344828 0.31034483 0.16091954 0.13793103 0.20689655
0.34000000 0.07000000 0.16000000 0.19000000 0.00000000 0.24000000
0.26446281 0.11570248 0.06611570 0.18181818 0.06611570 0.30578512
0.29333333 0.11333333 0.10666667 0.19333333 0.10666667 0.18666667
0.00000000 0.00000000 0.32500000 0.00000000 0.35000000 0.32500000
0.02816901 0.05633803 0.07042254 0.54929577 0.00000000 0.29577465
0.19767442 0.32558140 0.12790698 0.15116279 0.00000000 0.19767442
0.00000000 0.00000000 0.39130435 0.01739130 0.57391304 0.01739130
0.08974359 0.06410256 0.02564103 0.32692308 0.00000000 0.49358974
0.00000000 0.00000000 0.15942029 0.08695652 0.43478261 0.31884058
0.00000000 0.00000000 0.00000000 0.00000000 1.00000000 0.00000000
0.32812500 0.02343750 0.05468750 0.42187500 0.00000000 0.17187500
0.00000000 0.02985075 0.22388060 0.11940299 0.58208955 0.04477612
0.00000000 0.00000000 0.78571429 0.00000000 0.21428571 0.00000000
0.00000000 0.00000000 0.25714286 0.51428571 0.00000000 0.22857143
0.00000000 0.00000000 0.39784946 0.00000000 0.60215054 0.00000000
0.00793651 0.03968254 0.18253968 0.43650794 0.00000000 0.33333333
0.06086957 0.21739130 0.20000000 0.12173913 0.21739130 0.18260870
0.22727273 0.04545455 0.54545455 0.13636364 0.00000000 0.04545455
0.00000000 0.00000000 0.40298507 0.00000000 0.59701493 0.00000000
0.00000000 0.00000000 0.49565217 0.09565217 0.29565217 0.11304348
0.00000000 0.00000000 0.23076923 0.00000000 0.76923077 0.00000000
0.22666667 0.12000000 0.30666667 0.14666667 0.00000000 0.20000000
0.04878049 0.18292683 0.41463415 0.00000000 0.20731707 0.14634146
0.00000000 0.00000000 0.16216216 0.05405405 0.78378378 0.00000000
0.03750000 0.00000000 0.08750000 0.00000000 0.00000000 0.87500000
0.17180617 0.17180617 0.03964758 0.27312775 0.05286344 0.29074890
0.16935484 0.11290323 0.41935484 0.09677419 0.20161290 0.00000000
0.21904762 0.30476190 0.12857143 0.00000000 0.20000000 0.14761905
0.00000000 0.27083333 0.06250000 0.47916667 0.00000000 0.18750000
0.00000000 0.00000000 0.44444444 0.25925926 0.00000000 0.29629630
0.17647059 0.00000000 0.25133690 0.08556150 0.00000000 0.48663102
0.00000000 0.00000000 0.48275862 0.13793103 0.37931034 0.00000000
0.15517241 0.15517241 0.33620690 0.09482759 0.00000000 0.25862069
0.37037037 0.27160494 0.23456790 0.00000000 0.00000000 0.12345679
0.00000000 0.06122449 0.67346939 0.00000000 0.26530612 0.00000000
0.24460432 0.12230216 0.17266187 0.22302158 0.12230216 0.11510791
0.10204082 0.00000000 0.73469388 0.00000000 0.06122449 0.10204082
0.00000000 0.00000000 0.00000000 0.12790698 0.04651163 0.82558140
0.08510638 0.00000000 0.48936170 0.12765957 0.27659574 0.02127660
0.39361702 0.00000000 0.10638298 0.10638298 0.21276596 0.18085106
0.23357664 0.24087591 0.00000000 0.29927007 0.00000000 0.22627737
0.09523810 0.02857143 0.40952381 0.18095238 0.13333333 0.15238095
0.20000000 0.00000000 0.16666667 0.00000000 0.53333333 0.10000000
0.25373134 0.08955224 0.14925373 0.29850746 0.00000000 0.20895522
0.37662338 0.23376623 0.15584416 0.11688312 0.01298701 0.10389610
0.00000000 0.00000000 0.39062500 0.21875000 0.20312500 0.18750000
0.00000000 0.00000000 0.45945946 0.00000000 0.54054054 0.00000000
0.04878049 0.04878049 0.30487805 0.20731707 0.39024390 0.00000000
0.00000000 0.00000000 0.02941176 0.00000000 0.97058824 0.00000000
0.00000000 0.01754386 0.59649123 0.00000000 0.38596491 0.00000000
0.00000000 0.00000000 0.50980392 0.00000000 0.49019608 0.00000000
0.16000000 0.09142857 0.04571429 0.30857143 0.00000000 0.39428571
0.00000000 0.00000000 0.00000000 0.00000000 1.00000000 0.00000000
0.08144796 0.00000000 0.29411765 0.23529412 0.29864253 0.09049774
0.29807692 0.01923077 0.01923077 0.29807692 0.00000000 0.36538462
0.00000000 0.00000000 0.25000000 0.02083333 0.68750000 0.04166667
0.13286713 0.06293706 0.11188811 0.58041958 0.00000000 0.11188811
0.00000000 0.00000000 0.24000000 0.00000000 0.76000000 0.00000000
0.17948718 0.00000000 0.20512821 0.25641026 0.00000000 0.35897436
0.12222222 0.01111111 0.22222222 0.12222222 0.00000000 0.52222222
0.00000000 0.00000000 0.00000000 0.43283582 0.56716418 0.00000000
0.11764706 0.05147059 0.13235294 0.27205882 0.32352941 0.10294118
0.00000000 0.00000000 0.00000000 0.75238095 0.12380952 0.12380952
0.00000000 0.00000000 0.74000000 0.00000000 0.26000000 0.00000000
0.28421053 0.00000000 0.13684211 0.11578947 0.00000000 0.46315789
0.00000000 0.00000000 0.64285714 0.00000000 0.35714286 0.00000000
0.27737226 0.16788321 0.16058394 0.26277372 0.00000000 0.13138686
0.05084746 0.06779661 0.20338983 0.08474576 0.42372881 0.16949153
0.33587786 0.11450382 0.15267176 0.14503817 0.11450382 0.13740458
0.02597403 0.10389610 0.31168831 0.12987013 0.25974026 0.16883117
0.00000000 0.00000000 0.19819820 0.63963964 0.00000000 0.16216216
0.12751678 0.04697987 0.05369128 0.46308725 0.00000000 0.30872483
0.20338983 0.00000000 0.00000000 0.37288136 0.00000000 0.42372881
0.00000000 0.00000000 0.15315315 0.09909910 0.65765766 0.09009009
0.03278689 0.00000000 0.26229508 0.18032787 0.49180328 0.03278689
0.00000000 0.00000000 0.33333333 0.00000000 0.66666667 0.00000000
0.17213115 0.00000000 0.00000000 0.21311475 0.00000000 0.61475410
0.21100917 0.00000000 0.00000000 0.43119266 0.00000000 0.35779817
0.00000000 0.00000000 0.54368932 0.00000000 0.45631068 0.00000000
0.00000000 0.00000000 0.27868852 0.00000000 0.72131148 0.00000000
0.00000000 0.00000000 0.18400000 0.38400000 0.00000000 0.43200000
0.03278689 0.00000000 0.14754098 0.00000000 0.81967213 0.00000000
0.33333333 0.00000000 0.66666667 0.00000000 0.00000000 0.00000000
0.00000000 0.00000000 0.07947020 0.52317881 0.00000000 0.39735099
0.00000000 0.00000000 0.47500000 0.07500000 0.45000000 0.00000000
0.16176471 0.00000000 0.60294118 0.08823529 0.00000000 0.14705882
0.10084034 0.00000000 0.15966387 0.50420168 0.00000000 0.23529412
0.18181818 0.23636364 0.03636364 0.36363636 0.00000000 0.18181818
0.00000000 0.00000000 0.20588235 0.00000000 0.79411765 0.00000000
0.51685393 0.02247191 0.12359551 0.15730337 0.00000000 0.17977528
0.00000000 0.00000000 0.49122807 0.02631579 0.48245614 0.00000000
0.00000000 0.00000000 0.19047619 0.00000000 0.80952381 0.00000000
0.10256410 0.00000000 0.25641026 0.07692308 0.30769231 0.25641026
0.00666667 0.00000000 0.02000000 0.34666667 0.00000000 0.62666667
0.19463087 0.01342282 0.18120805 0.36241611 0.00000000 0.24832215
0.00000000 0.00000000 0.16883117 0.00000000 0.83116883 0.00000000
0.11875000 0.00000000 0.13750000 0.24375000 0.00000000 0.50000000
0.00000000 0.00000000 0.19480519 0.00000000 0.80519481 0.00000000
0.11363636 0.00000000 0.20454545 0.38636364 0.29545455 0.00000000
0.55468750 0.22656250 0.01562500 0.10156250 0.00000000 0.10156250
0.00000000 0.00000000 0.55172414 0.27586207 0.17241379 0.00000000
0.29370629 0.09790210 0.00000000 0.37762238 0.00000000 0.23076923
0.00000000 0.00000000 0.18333333 0.00000000 0.81666667 0.00000000
0.28488372 0.05813953 0.11627907 0.45348837 0.00000000 0.08720930
0.26785714 0.06250000 0.16071429 0.35714286 0.00000000 0.15178571
0.00000000 0.00000000 0.06976744 0.00000000 0.93023256 0.00000000
0.00000000 0.00000000 0.32500000 0.00000000 0.67500000 0.00000000
0.36448598 0.28971963 0.00000000 0.03738318 0.00000000 0.30841121
0.04678363 0.00000000 0.09356725 0.31578947 0.00000000 0.54385965
0.00000000 0.00000000 0.36792453 0.00000000 0.63207547 0.00000000
0.59223301 0.14563107 0.00000000 0.03883495 0.00000000 0.22330097
0.02702703 0.00000000 0.33783784 0.05405405 0.50000000 0.08108108
0.06896552 0.00000000 0.10344828 0.32758621 0.00000000 0.50000000
0.00000000 0.00000000 0.04347826 0.53043478 0.20000000 0.22608696
0.11111111 0.08496732 0.00000000 0.34640523 0.00000000 0.45751634
0.00000000 0.00000000 0.00000000 0.00000000 1.00000000 0.00000000
0.00000000 0.00000000 0.27586207 0.00000000 0.72413793 0.00000000
0.00000000 0.00000000 0.36842105 0.00000000 0.63157895 0.00000000
0.00000000 0.00000000 1.00000000 0.00000000 0.00000000 0.00000000
0.29921260 0.07874016 0.03149606 0.38582677 0.00000000 0.20472441
0.17391304 0.20289855 0.04347826 0.14492754 0.14492754 0.28985507
0.16981132 0.00000000 0.01886792 0.60377358 0.03773585 0.16981132
0.18571429 0.04285714 0.32857143 0.15714286 0.00000000 0.28571429
0.10000000 0.00000000 0.15000000 0.00000000 0.72500000 0.02500000
0.00000000 0.00000000 0.14084507 0.00000000 0.85915493 0.00000000
0.07812500 0.25000000 0.40625000 0.00000000 0.00000000 0.26562500
0.30666667 0.21333333 0.08000000 0.14666667 0.00000000 0.25333333
0.32258065 0.38064516 0.00000000 0.02580645 0.00000000 0.27096774
0.12500000 0.00000000 0.03750000 0.11250000 0.27500000 0.45000000
0.17261905 0.16071429 0.01190476 0.22023810 0.00000000 0.43452381
0.17837838 0.17837838 0.17837838 0.22702703 0.00000000 0.23783784
0.18644068 0.00000000 0.00000000 0.52542373 0.00000000 0.28813559
0.00000000 0.00000000 0.15094340 0.00000000 0.84905660 0.00000000
0.20930233 0.02325581 0.06976744 0.49612403 0.00000000 0.20155039
0.00000000 0.00000000 0.43076923 0.00000000 0.56923077 0.00000000
0.00000000 0.00000000 0.40000000 0.05000000 0.55000000 0.00000000
0.00000000 0.00000000 0.52325581 0.17441860 0.01162791 0.29069767
0.02479339 0.00000000 0.11570248 0.18181818 0.23966942 0.43801653
0.00000000 0.00000000 0.41379310 0.00000000 0.58620690 0.00000000
0.00000000 0.00000000 0.41584158 0.04950495 0.53465347 0.00000000
0.13924051 0.10126582 0.11392405 0.24050633 0.35443038 0.05063291
0.00000000 0.00000000 0.22535211 0.14084507 0.00000000 0.63380282
0.00000000 0.00000000 0.43835616 0.04109589 0.32876712 0.19178082
0.00000000 0.11764706 0.23529412 0.00000000 0.58823529 0.05882353
0.11392405 0.00000000 0.20253165 0.24050633 0.26582278 0.17721519
0.16766467 0.05988024 0.13772455 0.47305389 0.00000000 0.16167665
0.04166667 0.00000000 0.45833333 0.21666667 0.00000000 0.28333333
0.00000000 0.00000000 0.08433735 0.00000000 0.00000000 0.91566265
0.00000000 0.00000000 0.00000000 0.00000000 0.62500000 0.37500000
0.20338983 0.00000000 0.12429379 0.24293785 0.00000000 0.42937853
0.00000000 0.00000000 0.40909091 0.18181818 0.22727273 0.18181818
0.00000000 0.00000000 0.51063830 0.20212766 0.00000000 0.28723404
0.00000000 0.00000000 0.00000000 0.00000000 0.00000000 0.00000000
0.00000000 0.00000000 0.10000000 0.55000000 0.00000000 0.35000000
0.00000000 0.00000000 0.32786885 0.13114754 0.31147541 0.22950820
0.00000000 0.00000000 0.60606061 0.03030303 0.32323232 0.04040404
0.00000000 0.00000000 0.00000000 0.00000000 1.00000000 0.00000000
0.00000000 0.00000000 0.22641509 0.00000000 0.75471698 0.01886792
0.25757576 0.00000000 0.33333333 0.21212121 0.19696970 0.00000000
0.35593220 0.02542373 0.15254237 0.29661017 0.00000000 0.16949153
0.10833333 0.09166667 0.00000000 0.13333333 0.00000000 0.66666667
0.25735294 0.30147059 0.15441176 0.11764706 0.00000000 0.16911765
0.00000000 0.00000000 0.33333333 0.00000000 0.57142857 0.09523810
0.03529412 0.00000000 0.18823529 0.32941176 0.00000000 0.44705882
0.31645570 0.00000000 0.00000000 0.00000000 0.34177215 0.34177215
0.00000000 0.00000000 0.07368421 0.07368421 0.00000000 0.85263158
0.31666667 0.02500000 0.05833333 0.32500000 0.25833333 0.01666667
0.06172840 0.00000000 0.00000000 0.00000000 0.46913580 0.46913580
0.00000000 0.00000000 0.26923077 0.46153846 0.00000000 0.26923077
0.00000000 0.00000000 0.26136364 0.00000000 0.73863636 0.00000000
0.00000000 0.00000000 0.11111111 0.00000000 0.88888889 0.00000000
0.00000000 0.00000000 0.40697674 0.00000000 0.59302326 0.00000000
0.00000000 0.00000000 0.88888889 0.05555556 0.00000000 0.05555556
0.00000000 0.00000000 0.27142857 0.00000000 0.50000000 0.22857143
0.34188034 0.06837607 0.30769231 0.00000000 0.05982906 0.22222222
0.10810811 0.54054054 0.27027027 0.00000000 0.08108108 0.00000000
0.00000000 0.00000000 0.23611111 0.12500000 0.50000000 0.13888889
0.30069930 0.27972028 0.00000000 0.06993007 0.00000000 0.34965035
0.02941176 0.14705882 0.17647059 0.08823529 0.48529412 0.07352941
0.00000000 0.00000000 0.31645570 0.05063291 0.51898734 0.11392405
0.00000000 0.00000000 0.21818182 0.00000000 0.78181818 0.00000000
0.00000000 0.00000000 0.24489796 0.02040816 0.71428571 0.02040816
0.01388889 0.00000000 0.11111111 0.25694444 0.00000000 0.61805556
0.21951220 0.43902439 0.00000000 0.00000000 0.00000000 0.34146341
0.00000000 0.00000000 0.26744186 0.10465116 0.56976744 0.05813953
0.11864407 0.49152542 0.35593220 0.00000000 0.03389831 0.00000000
0.00000000 0.00000000 0.10606061 0.00000000 0.89393939 0.00000000
0.75342466 0.00000000 0.04109589 0.00000000 0.00000000 0.20547945
0.08108108 0.05405405 0.09459459 0.50000000 0.10810811 0.16216216
0.00000000 0.00000000 0.15789474 0.00000000 0.64912281 0.19298246
0.00000000 0.00000000 0.15533981 0.00000000 0.84466019 0.00000000
0.27272727 0.18181818 0.20000000 0.00000000 0.10909091 0.23636364
0.00000000 0.00000000 0.40259740 0.00000000 0.59740260 0.00000000
0.01960784 0.15686275 0.29411765 0.07843137 0.31372549 0.13725490
0.00781250 0.00000000 0.23437500 0.02343750 0.00000000 0.73437500
0.06956522 0.03478261 0.14782609 0.37391304 0.26956522 0.10434783
0.00000000 0.00000000 0.76388889 0.00000000 0.23611111 0.00000000
0.00000000 0.00000000 0.50000000 0.50000000 0.00000000 0.00000000
0.00000000 0.00000000 0.35576923 0.32692308 0.31730769 0.00000000
0.00000000 0.00000000 0.09259259 0.00000000 0.87037037 0.03703704
0.14545455 0.14545455 0.00000000 0.00000000 0.65454545 0.05454545
0.00000000 0.00000000 0.47500000 0.00000000 0.52500000 0.00000000
0.00000000 0.00000000 0.00000000 0.89583333 0.00000000 0.10416667
0.00000000 0.00000000 0.41666667 0.14583333 0.08333333 0.35416667
0.04597701 0.05747126 0.18390805 0.06896552 0.55172414 0.09195402
0.11450382 0.06106870 0.04580153 0.62595420 0.00000000 0.15267176
0.01960784 0.00000000 0.16666667 0.28431373 0.50980392 0.01960784
0.27173913 0.31521739 0.11956522 0.09782609 0.09239130 0.10326087
0.00000000 0.00000000 0.35802469 0.00000000 0.64197531 0.00000000
0.00000000 0.00000000 0.82500000 0.05000000 0.12500000 0.00000000
0.22660099 0.19211823 0.00000000 0.20197044 0.00000000 0.37931034
0.00000000 0.00000000 0.00000000 0.00000000 1.00000000 0.00000000
0.26136364 0.28409091 0.13636364 0.00000000 0.00000000 0.31818182
0.00000000 0.12371134 0.58762887 0.07216495 0.00000000 0.21649485
0.00000000 0.00000000 0.38461538 0.01923077 0.59615385 0.00000000
0.00000000 0.00000000 0.18072289 0.02409639 0.26506024 0.53012048
0.00000000 0.00000000 0.42222222 0.04444444 0.17777778 0.35555556
0.00000000 0.00000000 0.44444444 0.00000000 0.55555556 0.00000000
0.04395604 0.00000000 0.30769231 0.13186813 0.36263736 0.15384615
0.00000000 0.08045977 0.00000000 0.11494253 0.68965517 0.11494253
0.19834711 0.02479339 0.11570248 0.43801653 0.00000000 0.22314050
0.00000000 0.00000000 0.30909091 0.00000000 0.69090909 0.00000000
0.00000000 0.00000000 0.26744186 0.25581395 0.15116279 0.32558140
0.03448276 0.00000000 0.08620690 0.17241379 0.00000000 0.70689655
0.21052632 0.07894737 0.10526316 0.00000000 0.42105263 0.18421053
0.25641026 0.05982906 0.02564103 0.51282051 0.00000000 0.14529915
0.36619718 0.12676056 0.00000000 0.33802817 0.00000000 0.16901408
0.07476636 0.00000000 0.23364486 0.07476636 0.49532710 0.12149533
0.00000000 0.00000000 0.27884615 0.02884615 0.67307692 0.01923077
0.35384615 0.13846154 0.18461538 0.13076923 0.00000000 0.19230769
0.00000000 0.00000000 0.20253165 0.00000000 0.75949367 0.03797468
0.28846154 0.00000000 0.36538462 0.19230769 0.05769231 0.09615385
0.00000000 0.00000000 0.35802469 0.00000000 0.64197531 0.00000000
0.08888889 0.06666667 0.33333333 0.22222222 0.00000000 0.28888889
0.00000000 0.00000000 0.34000000 0.19000000 0.42000000 0.05000000
0.00000000 0.00000000 0.29508197 0.09836066 0.06557377 0.54098361
0.06944444 0.00000000 0.33333333 0.00000000 0.59722222 0.00000000
0.00000000 0.17857143 0.46428571 0.00000000 0.32142857 0.03571429
0.00000000 0.05970149 0.31343284 0.00000000 0.59701493 0.02985075
0.12500000 0.03125000 0.16406250 0.34375000 0.23437500 0.10156250
0.01785714 0.01785714 0.68750000 0.10714286 0.03571429 0.13392857
0.00000000 0.00000000 0.43478261 0.00000000 0.56521739 0.00000000
0.00000000 0.00000000 0.23287671 0.00000000 0.76712329 0.00000000
0.00000000 0.02702703 0.63513514 0.00000000 0.33783784 0.00000000
0.28636364 0.20454545 0.00000000 0.26363636 0.00000000 0.24545455
0.05494505 0.00000000 0.18681319 0.23076923 0.46153846 0.06593407
0.00000000 0.00000000 0.00000000 0.11764706 0.47058824 0.41176471
0.00000000 0.08000000 0.12000000 0.00000000 0.00000000 0.80000000
0.00000000 0.00000000 0.09375000 0.12500000 0.25000000 0.53125000
0.12280702 0.12280702 0.56140351 0.08771930 0.00000000 0.10526316
0.08870968 0.13709677 0.43548387 0.28225806 0.00000000 0.05645161
0.00000000 0.00000000 0.50632911 0.00000000 0.49367089 0.00000000
0.00000000 0.00000000 0.15384615 0.00000000 0.84615385 0.00000000
0.11764706 0.00000000 0.70588235 0.05882353 0.00000000 0.11764706
0.27868852 0.00000000 0.32786885 0.00000000 0.21311475 0.18032787
0.00000000 0.12903226 0.79032258 0.00000000 0.08064516 0.00000000
0.00000000 0.00000000 0.30769231 0.00000000 0.69230769 0.00000000
0.22222222 0.00000000 0.00000000 0.31372549 0.00000000 0.46405229
0.00000000 0.00000000 0.00000000 0.00000000 1.00000000 0.00000000
0.07964602 0.00000000 0.12389381 0.14159292 0.00000000 0.65486726
0.00000000 0.00000000 0.37704918 0.00000000 0.62295082 0.00000000
0.02985075 0.19402985 0.49253731 0.00000000 0.02985075 0.25373134
0.00000000 0.00000000 0.34210526 0.00000000 0.65789474 0.00000000
0.04807692 0.00000000 0.38461538 0.10576923 0.00000000 0.46153846
0.02884615 0.00000000 0.37500000 0.03846154 0.52884615 0.02884615
0.00000000 0.00000000 0.00000000 0.36363636 0.27272727 0.36363636
0.00000000 0.00000000 0.00000000 0.00000000 1.00000000 0.00000000
0.00000000 0.00000000 0.37209302 0.05813953 0.41860465 0.15116279
0.00000000 0.00000000 0.33980583 0.00000000 0.66019417 0.00000000
0.00000000 0.00000000 0.00000000 0.00000000 0.00000000 0.00000000
0.15573770 0.15573770 0.09016393 0.18852459 0.19672131 0.21311475
0.00000000 0.00000000 0.51162791 0.02325581 0.46511628 0.00000000
0.26804124 0.09278351 0.18556701 0.11340206 0.02061856 0.31958763
0.10638298 0.21276596 0.00000000 0.46808511 0.00000000 0.21276596
0.10000000 0.00000000 0.05000000 0.00000000 0.82500000 0.02500000
0.09558824 0.25735294 0.09558824 0.19117647 0.00000000 0.36029412
0.02040816 0.12244898 0.07142857 0.26530612 0.38775510 0.13265306
0.00000000 0.00000000 0.15107914 0.32374101 0.00000000 0.52517986
0.00000000 0.00000000 0.13043478 0.17391304 0.45652174 0.23913043
0.00000000 0.00000000 0.05882353 0.20588235 0.00000000 0.73529412
0.00000000 0.00000000 0.88636364 0.00000000 0.11363636 0.00000000
0.00000000 0.00000000 0.16363636 0.16363636 0.67272727 0.00000000
0.06557377 0.00000000 0.44262295 0.22950820 0.00000000 0.26229508
0.00000000 0.00000000 0.44444444 0.00000000 0.55555556 0.00000000
0.08403361 0.05042017 0.26050420 0.11764706 0.34453782 0.14285714
0.00000000 0.00000000 0.17391304 0.04347826 0.78260870 0.00000000
0.10869565 0.00000000 0.06521739 0.35869565 0.00000000 0.46739130
0.33108108 0.07432432 0.00000000 0.30405405 0.05405405 0.23648649
0.00000000 0.00000000 0.48672566 0.05309735 0.43362832 0.02654867
0.13846154 0.08717949 0.11282051 0.16923077 0.00000000 0.49230769
0.33333333 0.03030303 0.16161616 0.08080808 0.39393939 0.00000000
0.00000000 0.00000000 0.07894737 0.00000000 0.92105263 0.00000000
0.00000000 0.10937500 0.59375000 0.12500000 0.01562500 0.15625000
0.00000000 0.00000000 0.00000000 0.08823529 0.00000000 0.91176471
0.00000000 0.00000000 0.26000000 0.14000000 0.60000000 0.00000000
0.10144928 0.15942029 0.02898551 0.21739130 0.30434783 0.18840580
0.10884354 0.03401361 0.19047619 0.35374150 0.20408163 0.10884354
0.00000000 0.00000000 0.30769231 0.04615385 0.64615385 0.00000000
0.00000000 0.00000000 0.58750000 0.00000000 0.41250000 0.00000000
0.00000000 0.00000000 0.15789474 0.00000000 0.84210526 0.00000000
0.00000000 0.00000000 0.56989247 0.00000000 0.43010753 0.00000000
0.16666667 0.00000000 0.45833333 0.18750000 0.00000000 0.18750000
0.08620690 0.05172414 0.10344828 0.12068966 0.46551724 0.17241379
0.14000000 0.13333333 0.00000000 0.56000000 0.00000000 0.16666667
0.00000000 0.00000000 0.40000000 0.00000000 0.60000000 0.00000000
0.00000000 0.00000000 0.14406780 0.11016949 0.00000000 0.74576271
0.02521008 0.00000000 0.15126050 0.36974790 0.00000000 0.45378151
0.00000000 0.00000000 0.38461538 0.32967033 0.03296703 0.25274725
0.00000000 0.78571429 0.00000000 0.21428571 0.00000000 0.00000000
0.13178295 0.06976744 0.12403101 0.55038760 0.00000000 0.12403101
0.01219512 0.00000000 0.06097561 0.37804878 0.00000000 0.54878049
0.00000000 0.02409639 0.87951807 0.00000000 0.09638554 0.00000000
0.09638554 0.00000000 0.00000000 0.00000000 0.65060241 0.25301205
0.07368421 0.00000000 0.13684211 0.49473684 0.00000000 0.29473684
0.02739726 0.00000000 0.04109589 0.13698630 0.73972603 0.05479452
0.00000000 0.00000000 0.26271186 0.17796610 0.41525424 0.14406780
0.06666667 0.00000000 0.20666667 0.53333333 0.00000000 0.19333333
0.01234568 0.00000000 0.33333333 0.04938272 0.60493827 0.00000000
0.26415094 0.27924528 0.00000000 0.26415094 0.00000000 0.19245283
0.12403101 0.10465116 0.07751938 0.32558140 0.00000000 0.36821705
0.17948718 0.00000000 0.12820513 0.12820513 0.17948718 0.38461538
0.00000000 0.00000000 0.26923077 0.09615385 0.63461538 0.00000000
0.10563380 0.16901408 0.04225352 0.52816901 0.00000000 0.15492958
0.20238095 0.09523810 0.10119048 0.26190476 0.16071429 0.17857143
0.28125000 0.00000000 0.00000000 0.25000000 0.04687500 0.42187500
0.00000000 0.00000000 0.06172840 0.00000000 0.93827160 0.00000000
0.20000000 0.00000000 0.50000000 0.00000000 0.00000000 0.30000000
0.03750000 0.00000000 0.35000000 0.10000000 0.31250000 0.20000000
0.12000000 0.05000000 0.16000000 0.22000000 0.00000000 0.45000000
0.11059908 0.07834101 0.07834101 0.31797235 0.00000000 0.41474654
0.08000000 0.09333333 0.44000000 0.13333333 0.01333333 0.24000000
0.38000000 0.22000000 0.09000000 0.00000000 0.00000000 0.31000000
0.21904762 0.20000000 0.00000000 0.26666667 0.00000000 0.31428571
0.00000000 0.00000000 0.66666667 0.19444444 0.05555556 0.08333333
0.05882353 0.01176471 0.03529412 0.41176471 0.00000000 0.48235294
0.00000000 0.02127660 0.12765957 0.06382979 0.76595745 0.02127660
0.00000000 0.00000000 0.13513514 0.00000000 0.86486486 0.00000000
0.00000000 0.00000000 0.71910112 0.02247191 0.25842697 0.00000000
0.05102041 0.07142857 0.21428571 0.17346939 0.48979592 0.00000000
0.32596685 0.22651934 0.07182320 0.03314917 0.00000000 0.34254144
0.00000000 0.00000000 0.45555556 0.02222222 0.52222222 0.00000000
0.22602740 0.22602740 0.06164384 0.22602740 0.00000000 0.26027397
0.23966942 0.18181818 0.04132231 0.35537190 0.09917355 0.08264463
0.00000000 0.00000000 0.89583333 0.04166667 0.06250000 0.00000000
0.18309859 0.00000000 0.00000000 0.14084507 0.38028169 0.29577465
0.23846154 0.19230769 0.06153846 0.06153846 0.10000000 0.34615385
0.00000000 0.13114754 0.42622951 0.00000000 0.00000000 0.44262295
0.00000000 0.00000000 0.27118644 0.00000000 0.72881356 0.00000000
0.03846154 0.00000000 0.05128205 0.21794872 0.53846154 0.15384615
0.02777778 0.11111111 0.66666667 0.00000000 0.16666667 0.02777778
0.24742268 0.00000000 0.39175258 0.15463918 0.20618557 0.00000000
0.00000000 0.00000000 0.40000000 0.00000000 0.60000000 0.00000000
0.00000000 0.00000000 0.54000000 0.00000000 0.02000000 0.44000000
0.00000000 0.00000000 0.34375000 0.00000000 0.31250000 0.34375000
0.07766990 0.16504854 0.43689320 0.15533981 0.02912621 0.13592233
0.03750000 0.00000000 0.25000000 0.08750000 0.35000000 0.27500000
0.10638298 0.11347518 0.01418440 0.12765957 0.00000000 0.63829787
0.27272727 0.00000000 0.15454545 0.25454545 0.13636364 0.18181818
0.07692308 0.02564103 0.28205128 0.20512821 0.00000000 0.41025641
0.00000000 0.00000000 0.03636364 0.05454545 0.90909091 0.00000000
0.00000000 0.00000000 0.24193548 0.03225806 0.69354839 0.03225806
0.00000000 0.00000000 0.12643678 0.70114943 0.00000000 0.17241379
0.00000000 0.00000000 0.36708861 0.00000000 0.63291139 0.00000000
0.00000000 0.00000000 0.13953488 0.00000000 0.86046512 0.00000000
0.00000000 0.00000000 0.17307692 0.00000000 0.82692308 0.00000000
0.00000000 0.00000000 0.55084746 0.00000000 0.44915254 0.00000000
0.00000000 0.00000000 0.16666667 0.00000000 0.83333333 0.00000000
0.11666667 0.09166667 0.00000000 0.05833333 0.55833333 0.17500000
0.10606061 0.13636364 0.19696970 0.15151515 0.22727273 0.18181818
0.00000000 0.00000000 0.30612245 0.00000000 0.69387755 0.00000000
0.11475410 0.00000000 0.21311475 0.19672131 0.00000000 0.47540984
0.17486339 0.08196721 0.04918033 0.42076503 0.00000000 0.27322404
0.05405405 0.40540541 0.25675676 0.12162162 0.05405405 0.10810811
0.00000000 0.00000000 0.76470588 0.00000000 0.23529412 0.00000000
0.00000000 0.00000000 0.19753086 0.80246914 0.00000000 0.00000000
0.00000000 0.00000000 0.49056604 0.11320755 0.00000000 0.39622642
0.06896552 0.19540230 0.26436782 0.00000000 0.00000000 0.47126437
0.00000000 0.00000000 0.00000000 0.11764706 0.88235294 0.00000000
0.00000000 0.00000000 0.16666667 0.09649123 0.58771930 0.14912281
0.00000000 0.01754386 0.21052632 0.05263158 0.00000000 0.71929825
0.45192308 0.03846154 0.05769231 0.25000000 0.00000000 0.20192308
0.00000000 0.00000000 0.61538462 0.00000000 0.38461538 0.00000000
0.26380368 0.40490798 0.00000000 0.10429448 0.00000000 0.22699387
0.18064516 0.10967742 0.02580645 0.43870968 0.00000000 0.24516129
0.02500000 0.00000000 0.35000000 0.04166667 0.54166667 0.04166667
0.29559748 0.34591195 0.01886792 0.00000000 0.13207547 0.20754717
0.00000000 0.00000000 0.29577465 0.00000000 0.70422535 0.00000000
0.19178082 0.00000000 0.10273973 0.53424658 0.05479452 0.11643836
0.00000000 0.00000000 0.25000000 0.00000000 0.75000000 0.00000000
0.00000000 0.15053763 0.62365591 0.00000000 0.22580645 0.00000000
0.00000000 0.00000000 0.65625000 0.00000000 0.34375000 0.00000000
0.00000000 0.04347826 0.41304348 0.17391304 0.28260870 0.08695652
0.00000000 0.00000000 0.08695652 0.00000000 0.91304348 0.00000000
0.08808290 0.01036269 0.07772021 0.34715026 0.00000000 0.47668394
0.05479452 0.00000000 0.26027397 0.15068493 0.10958904 0.42465753
0.00000000 0.00699301 0.18881119 0.27972028 0.00000000 0.52447552
0.00000000 0.00000000 0.06185567 0.70103093 0.00000000 0.23711340
0.53932584 0.02247191 0.00000000 0.24719101 0.04494382 0.14606742
0.00000000 0.00000000 0.00000000 0.00000000 1.00000000 0.00000000
0.14864865 0.01351351 0.00000000 0.40540541 0.00000000 0.43243243
0.00000000 0.00000000 0.30158730 0.00000000 0.69841270 0.00000000
0.00000000 0.00000000 0.25675676 0.13513514 0.47297297 0.13513514
0.22543353 0.21387283 0.03468208 0.32369942 0.00000000 0.20231214
0.00000000 0.00000000 0.18987342 0.06329114 0.74683544 0.00000000
0.00000000 0.00000000 0.36363636 0.00000000 0.54545455 0.09090909
0.00000000 0.00000000 0.04347826 0.13043478 0.00000000 0.82608696
0.00000000 0.00000000 0.29007634 0.00000000 0.70992366 0.00000000
0.24615385 0.00000000 0.13076923 0.43076923 0.00000000 0.19230769
0.25961538 0.23076923 0.00000000 0.32211538 0.00000000 0.18750000
0.07964602 0.00000000 0.00000000 0.76991150 0.00000000 0.15044248
0.00000000 0.00000000 0.21951220 0.07317073 0.58536585 0.12195122
0.00000000 0.04444444 0.64444444 0.00000000 0.24444444 0.06666667
0.00000000 0.00000000 0.17500000 0.05000000 0.72500000 0.05000000
0.00000000 0.00000000 0.21052632 0.14035088 0.64912281 0.00000000
0.12903226 0.04516129 0.01935484 0.24516129 0.00000000 0.56129032
0.22764228 0.17073171 0.12195122 0.20325203 0.13821138 0.13821138
0.02941176 0.02941176 0.19117647 0.02941176 0.72058824 0.00000000
0.16250000 0.00000000 0.17500000 0.22500000 0.00000000 0.43750000
0.14864865 0.05405405 0.17567568 0.10810811 0.36486486 0.14864865
0.00000000 0.00000000 0.10101010 0.00000000 0.89898990 0.00000000
0.00000000 0.00000000 0.50684932 0.09589041 0.30136986 0.09589041
0.00000000 0.00000000 0.04054054 0.00000000 0.95945946 0.00000000
0.16666667 0.00000000 0.05797101 0.54347826 0.00000000 0.23188406
0.00000000 0.00000000 0.12121212 0.06060606 0.63636364 0.18181818
0.15126050 0.15966387 0.10084034 0.14285714 0.00000000 0.44537815
0.00000000 0.00000000 0.25396825 0.11111111 0.52380952 0.11111111
0.17073171 0.26829268 0.13414634 0.12195122 0.17073171 0.13414634
0.24017467 0.24454148 0.10480349 0.17467249 0.00000000 0.23580786
0.00000000 0.00000000 0.17204301 0.31182796 0.00000000 0.51612903
0.00000000 0.00000000 0.07692308 0.00000000 0.84615385 0.07692308
0.00000000 0.00000000 0.50000000 0.00000000 0.00000000 0.50000000
0.00000000 0.00000000 0.55555556 0.00000000 0.44444444 0.00000000
0.00000000 0.00000000 0.09677419 0.00000000 0.90322581 0.00000000
0.00000000 0.00000000 0.14285714 0.64285714 0.00000000 0.21428571
0.00000000 0.18181818 0.31818182 0.00000000 0.36363636 0.13636364
0.22857143 0.20952381 0.00000000 0.00000000 0.32380952 0.23809524
0.34939759 0.02409639 0.26506024 0.33734940 0.00000000 0.02409639
0.10344828 0.00000000 0.22413793 0.29310345 0.00000000 0.37931034
0.48275862 0.17241379 0.06896552 0.12413793 0.00000000 0.15172414
0.02105263 0.00000000 0.20000000 0.10526316 0.49473684 0.17894737
0.00000000 0.01754386 0.21052632 0.00000000 0.77192982 0.00000000
0.11764706 0.11111111 0.04575163 0.57516340 0.00000000 0.15032680
0.00000000 0.00000000 0.10000000 0.36250000 0.00000000 0.53750000
0.39655172 0.12931034 0.03448276 0.20689655 0.00000000 0.23275862
0.00000000 0.00000000 0.32727273 0.00000000 0.67272727 0.00000000
0.00000000 0.00000000 0.18518519 0.00000000 0.81481481 0.00000000
0.00000000 0.00000000 0.28260870 0.00000000 0.71739130 0.00000000
0.00000000 0.09259259 0.55555556 0.16666667 0.01851852 0.16666667
0.02777778 0.26388889 0.12500000 0.31944444 0.22222222 0.04166667
0.12903226 0.00000000 0.19354839 0.08064516 0.54838710 0.04838710
0.00000000 0.00000000 0.00000000 0.00000000 0.73333333 0.26666667
0.02040816 0.00000000 0.37755102 0.03061224 0.53061224 0.04081633
0.00000000 0.00000000 0.10000000 0.00000000 0.90000000 0.00000000
0.00000000 0.00000000 0.38383838 0.22222222 0.24242424 0.15151515
0.00000000 0.02941176 0.88235294 0.00000000 0.00000000 0.08823529
0.00000000 0.00000000 0.12244898 0.18367347 0.00000000 0.69387755
0.00000000 0.07594937 0.16455696 0.00000000 0.75949367 0.00000000
0.44537815 0.00840336 0.10924370 0.37815126 0.04201681 0.01680672
0.00000000 0.00000000 0.19696970 0.18181818 0.00000000 0.62121212
0.26457399 0.11659193 0.09865471 0.12107623 0.00000000 0.39910314
0.00000000 0.00000000 0.20512821 0.00000000 0.79487179 0.00000000
0.00000000 0.00000000 0.50000000 0.00000000 0.50000000 0.00000000
0.21481481 0.31111111 0.22222222 0.11851852 0.00000000 0.13333333
0.00000000 0.00000000 0.31034483 0.00000000 0.68965517 0.00000000
0.15697674 0.22674419 0.11046512 0.13372093 0.01162791 0.36046512
0.39705882 0.11029412 0.13970588 0.12500000 0.18382353 0.04411765
0.23232323 0.12121212 0.10101010 0.16161616 0.16161616 0.22222222
0.00000000 0.00000000 0.40000000 0.00000000 0.60000000 0.00000000
0.25657895 0.00000000 0.00000000 0.36842105 0.00000000 0.37500000
0.00000000 0.00000000 0.20833333 0.00000000 0.79166667 0.00000000
0.18137255 0.17156863 0.00000000 0.46568627 0.00000000 0.18137255
0.27868852 0.13114754 0.08196721 0.18032787 0.21311475 0.11475410
0.00000000 0.00000000 0.00000000 0.00000000 1.00000000 0.00000000
0.00000000 0.00000000 0.36607143 0.00000000 0.63392857 0.00000000
0.11235955 0.10112360 0.19101124 0.30337079 0.00000000 0.29213483
0.34161491 0.10559006 0.00000000 0.28571429 0.00000000 0.26708075
0.00000000 0.00000000 0.31481481 0.00000000 0.03703704 0.64814815
0.00000000 0.00000000 0.07547170 0.00000000 0.92452830 0.00000000
0.06796117 0.00970874 0.44660194 0.15533981 0.00000000 0.32038835
0.20945946 0.24324324 0.13513514 0.00000000 0.18918919 0.22297297
0.00000000 0.00000000 0.16666667 0.00000000 0.83333333 0.00000000
0.00000000 0.00000000 0.33333333 0.66666667 0.00000000 0.00000000
0.07692308 0.00000000 0.13461538 0.57692308 0.07692308 0.13461538
0.00000000 0.10256410 0.05128205 0.05128205 0.66666667 0.12820513
0.10000000 0.00000000 0.57500000 0.10000000 0.00000000 0.22500000
0.00000000 0.00000000 0.52777778 0.00000000 0.47222222 0.00000000
0.00000000 0.00000000 0.13636364 0.00000000 0.86363636 0.00000000
0.12173913 0.01739130 0.20000000 0.44347826 0.00000000 0.21739130
0.00000000 0.00000000 0.57246377 0.00000000 0.31159420 0.11594203
0.47058824 0.08823529 0.14705882 0.00000000 0.00000000 0.29411765
0.19672131 0.21311475 0.04098361 0.13114754 0.10655738 0.31147541
0.05405405 0.01351351 0.13513514 0.37837838 0.00000000 0.41891892
0.11764706 0.00000000 0.12605042 0.13445378 0.00840336 0.61344538
0.28723404 0.00000000 0.11702128 0.45744681 0.00000000 0.13829787
0.20754717 0.00000000 0.71698113 0.00000000 0.00000000 0.07547170
0.16793893 0.36641221 0.00000000 0.20610687 0.00000000 0.25954198
0.16216216 0.00000000 0.51351351 0.16216216 0.00000000 0.16216216
0.17647059 0.10084034 0.06722689 0.39495798 0.00000000 0.26050420
0.00000000 0.00000000 0.18918919 0.58108108 0.00000000 0.22972973
0.19354839 0.16129032 0.37634409 0.08602151 0.00000000 0.18279570
0.03676471 0.00000000 0.00000000 0.44117647 0.00000000 0.52205882
0.00000000 0.00000000 0.20000000 0.20000000 0.30769231 0.29230769
0.05555556 0.01851852 0.14814815 0.62962963 0.00000000 0.14814815
0.27200000 0.15200000 0.19200000 0.23200000 0.01600000 0.13600000
0.15300546 0.02185792 0.33879781 0.33333333 0.00000000 0.15300546
0.07317073 0.00000000 0.07317073 0.17073171 0.41463415 0.26829268
0.04379562 0.02919708 0.12408759 0.67153285 0.00000000 0.13138686
0.19642857 0.00000000 0.00000000 0.00000000 0.25000000 0.55357143
0.30107527 0.00000000 0.27956989 0.03225806 0.38709677 0.00000000
0.11702128 0.05319149 0.18085106 0.20212766 0.36170213 0.08510638
0.24400000 0.20400000 0.08400000 0.26000000 0.00000000 0.20800000
0.00000000 0.00000000 0.25000000 0.00000000 0.75000000 0.00000000
0.07692308 0.16666667 0.44871795 0.11538462 0.00000000 0.19230769
0.02419355 0.00000000 0.18548387 0.16935484 0.00000000 0.62096774
0.00000000 0.00000000 0.22000000 0.06000000 0.00000000 0.72000000
0.15789474 0.00000000 0.84210526 0.00000000 0.00000000 0.00000000
0.00000000 0.00000000 0.10810811 0.00000000 0.89189189 0.00000000
0.03658537 0.08536585 0.31707317 0.39024390 0.00000000 0.17073171
0.07692308 0.01282051 0.05128205 0.15384615 0.15384615 0.55128205
0.00000000 0.00000000 0.37662338 0.00000000 0.62337662 0.00000000
0.14285714 0.14285714 0.71428571 0.00000000 0.00000000 0.00000000
0.03846154 0.00000000 0.11538462 0.45192308 0.06730769 0.32692308
0.01538462 0.06153846 0.26153846 0.12307692 0.35384615 0.18461538
0.00000000 0.15151515 0.75757576 0.00000000 0.09090909 0.00000000
0.27272727 0.21717172 0.07575758 0.21717172 0.00000000 0.21717172
0.13333333 0.12444444 0.16444444 0.22222222 0.21777778 0.13777778
0.00000000 0.00000000 0.32911392 0.21518987 0.12658228 0.32911392
0.00000000 0.00000000 0.16666667 0.33333333 0.50000000 0.00000000
0.00000000 0.00000000 0.07547170 0.43396226 0.45283019 0.03773585
0.01470588 0.00000000 0.16176471 0.07352941 0.69117647 0.05882353
0.00000000 0.00000000 1.00000000 0.00000000 0.00000000 0.00000000
0.08181818 0.00000000 0.10909091 0.20909091 0.00000000 0.60000000
0.08000000 0.24000000 0.31000000 0.12000000 0.13000000 0.12000000
0.00000000 0.00000000 0.47191011 0.04494382 0.48314607 0.00000000
0.17605634 0.18309859 0.00000000 0.05633803 0.00000000 0.58450704
0.11764706 0.06862745 0.09803922 0.35294118 0.16666667 0.19607843
0.08695652 0.08695652 0.15217391 0.04347826 0.52173913 0.10869565
0.00000000 0.04545455 0.39772727 0.01136364 0.42045455 0.12500000
0.10833333 0.01666667 0.00833333 0.25000000 0.00000000 0.61666667
0.00000000 0.00000000 0.22857143 0.17142857 0.38095238 0.21904762
0.08130081 0.02439024 0.20325203 0.08943089 0.00000000 0.60162602
0.00000000 0.00000000 0.11764706 0.42352941 0.00000000 0.45882353
0.07894737 0.32456140 0.18421053 0.12280702 0.00000000 0.28947368
0.00000000 0.00000000 0.41428571 0.00000000 0.57142857 0.01428571
0.00000000 0.00000000 0.34065934 0.00000000 0.65934066 0.00000000
0.10638298 0.08510638 0.21985816 0.24113475 0.09929078 0.24822695
0.05555556 0.02777778 0.11111111 0.05555556 0.51388889 0.23611111
0.02142857 0.00000000 0.20714286 0.30000000 0.11428571 0.35714286
0.02666667 0.00000000 0.14666667 0.29333333 0.38666667 0.14666667
0.36111111 0.04166667 0.16666667 0.43055556 0.00000000 0.00000000
0.05882353 0.00000000 0.14705882 0.13725490 0.50000000 0.15686275
0.19631902 0.08588957 0.00000000 0.17177914 0.00000000 0.54601227
0.00000000 0.00000000 0.15384615 0.00000000 0.84615385 0.00000000
0.00000000 0.00000000 0.43750000 0.03125000 0.52083333 0.01041667
0.00000000 0.11627907 0.25581395 0.27906977 0.32558140 0.02325581
0.24347826 0.14782609 0.13043478 0.28695652 0.00000000 0.19130435
0.00000000 0.00000000 0.27659574 0.55319149 0.17021277 0.00000000
0.00000000 0.00000000 0.41176471 0.00000000 0.00000000 0.58823529
0.13157895 0.00000000 0.38157895 0.00000000 0.28947368 0.19736842
0.00000000 0.00000000 0.22058824 0.01470588 0.64705882 0.11764706
0.18965517 0.08620690 0.13793103 0.36206897 0.13793103 0.08620690
0.13709677 0.16129032 0.18548387 0.28225806 0.00000000 0.23387097
0.07462687 0.07462687 0.19402985 0.10447761 0.43283582 0.11940299
0.21800948 0.27488152 0.15165877 0.13270142 0.00000000 0.22274882
0.38888889 0.00000000 0.22222222 0.00000000 0.00000000 0.38888889
0.00000000 0.00000000 0.51807229 0.00000000 0.48192771 0.00000000
0.04166667 0.00000000 0.25000000 0.14583333 0.00000000 0.56250000
0.35862069 0.04827586 0.06206897 0.34482759 0.00000000 0.18620690
0.09259259 0.24074074 0.33333333 0.07407407 0.00000000 0.25925926
0.13235294 0.02941176 0.19117647 0.19117647 0.22058824 0.23529412
0.00000000 0.25641026 0.21794872 0.00000000 0.52564103 0.00000000
0.00000000 0.00000000 0.40789474 0.00000000 0.59210526 0.00000000
0.23595506 0.22471910 0.08988764 0.21910112 0.00000000 0.23033708
0.00000000 0.00000000 0.54166667 0.04166667 0.27777778 0.13888889
0.19411765 0.25294118 0.00000000 0.35882353 0.00000000 0.19411765
0.05194805 0.00000000 0.38961039 0.24675325 0.09090909 0.22077922
0.00000000 0.09803922 0.35294118 0.11764706 0.01960784 0.41176471
0.13043478 0.13043478 0.24347826 0.13913043 0.21739130 0.13913043
0.00000000 0.00000000 0.25000000 0.00000000 0.75000000 0.00000000
0.00000000 0.00000000 0.41975309 0.00000000 0.58024691 0.00000000
0.00000000 0.00000000 0.43023256 0.00000000 0.56976744 0.00000000
0.00000000 0.00000000 0.49230769 0.00000000 0.49230769 0.01538462
0.23893805 0.13274336 0.07964602 0.30088496 0.08849558 0.15929204
0.00000000 0.04081633 0.34693878 0.33673469 0.15306122 0.12244898
0.00000000 0.00000000 0.20512821 0.00000000 0.79487179 0.00000000
0.00000000 0.00000000 0.17142857 0.00000000 0.82857143 0.00000000
0.00000000 0.00000000 0.79310345 0.10344828 0.10344828 0.00000000
0.00000000 0.00000000 0.13333333 0.00000000 0.86666667 0.00000000
0.00000000 0.00000000 0.48717949 0.03846154 0.44871795 0.02564103
0.06557377 0.05737705 0.31147541 0.31147541 0.04918033 0.20491803
0.19125683 0.34972678 0.06557377 0.24043716 0.00000000 0.15300546
0.17948718 0.06410256 0.25641026 0.26923077 0.00000000 0.23076923
0.15714286 0.05000000 0.00000000 0.25000000 0.00000000 0.54285714
0.16528926 0.38842975 0.18181818 0.11570248 0.00000000 0.14876033
0.00000000 0.00000000 0.52238806 0.00000000 0.47761194 0.00000000
0.20270270 0.06756757 0.00000000 0.62162162 0.00000000 0.10810811
0.18235294 0.22941176 0.00000000 0.39411765 0.00000000 0.19411765
0.00000000 0.00000000 0.20000000 0.20000000 0.00000000 0.60000000
0.00000000 0.00000000 0.14000000 0.26000000 0.50000000 0.10000000
0.00000000 0.00000000 0.20930233 0.00000000 0.00000000 0.79069767
0.11290323 0.12096774 0.13709677 0.13709677 0.36290323 0.12903226
0.02290076 0.00000000 0.34351145 0.26717557 0.09160305 0.27480916
0.00000000 0.00000000 0.28000000 0.09333333 0.54666667 0.08000000
0.21030043 0.14163090 0.16309013 0.19742489 0.00000000 0.28755365
0.09649123 0.08771930 0.10526316 0.17543860 0.26315789 0.27192982
0.07894737 0.08421053 0.17894737 0.25263158 0.07894737 0.32631579
0.01851852 0.00000000 0.28703704 0.17592593 0.42592593 0.09259259
0.00000000 0.00000000 0.13698630 0.02739726 0.83561644 0.00000000
0.06451613 0.06451613 0.19354839 0.09677419 0.50000000 0.08064516
0.00000000 0.00000000 0.31000000 0.00000000 0.69000000 0.00000000
0.00000000 0.00000000 0.12500000 0.00000000 0.87500000 0.00000000
0.01149425 0.00574713 0.12068966 0.37356322 0.00000000 0.48850575
0.00000000 0.00000000 0.09836066 0.08196721 0.55737705 0.26229508
0.03184713 0.02547771 0.15923567 0.31210191 0.00000000 0.47133758
0.05633803 0.00000000 0.18309859 0.09859155 0.00000000 0.66197183
0.12396694 0.03305785 0.00000000 0.23140496 0.00000000 0.61157025
0.00000000 0.00000000 0.38461538 0.00000000 0.00000000 0.61538462
0.00000000 0.03030303 0.24242424 0.03030303 0.69696970 0.00000000
0.08490566 0.00000000 0.07547170 0.48113208 0.00000000 0.35849057
0.42105263 0.11403509 0.00000000 0.46491228 0.00000000 0.00000000
0.00000000 0.00000000 0.00000000 0.00000000 0.00000000 1.00000000
0.00000000 0.00000000 0.18750000 0.00000000 0.81250000 0.00000000
0.00000000 0.00000000 0.55263158 0.13157895 0.00000000 0.31578947
0.00000000 0.00000000 0.48148148 0.05555556 0.42592593 0.03703704
0.00000000 0.05357143 0.25000000 0.16071429 0.37500000 0.16071429
0.00000000 0.00000000 0.22535211 0.16901408 0.60563380 0.00000000
0.29545455 0.07386364 0.12500000 0.38068182 0.00000000 0.12500000
0.00000000 0.00000000 0.16363636 0.00000000 0.74545455 0.09090909
0.02597403 0.00000000 0.18181818 0.10389610 0.67532468 0.01298701
0.00000000 0.00000000 0.33333333 0.00000000 0.66666667 0.00000000
0.00000000 0.00000000 0.32307692 0.03076923 0.09230769 0.55384615
0.00000000 0.00000000 0.00000000 0.00000000 1.00000000 0.00000000
0.10204082 0.06802721 0.25850340 0.13605442 0.00000000 0.43537415
0.24242424 0.00000000 0.18181818 0.03030303 0.48484848 0.06060606
0.00000000 0.00000000 0.26315789 0.00000000 0.73684211 0.00000000
0.01234568 0.00000000 0.33333333 0.51851852 0.01234568 0.12345679
0.00000000 0.00000000 0.39285714 0.00000000 0.60714286 0.00000000
0.17391304 0.18478261 0.10869565 0.10869565 0.00000000 0.42391304
0.00000000 0.02061856 0.27835052 0.48453608 0.00000000 0.21649485
0.00000000 0.12500000 0.16666667 0.00000000 0.00000000 0.70833333
0.00000000 0.00000000 1.00000000 0.00000000 0.00000000 0.00000000
0.00000000 0.00000000 0.23863636 0.00000000 0.76136364 0.00000000
0.00000000 0.00000000 0.14285714 0.00000000 0.85714286 0.00000000
0.07627119 0.00000000 0.19491525 0.22033898 0.00000000 0.50847458
0.05109489 0.00000000 0.12408759 0.22627737 0.00000000 0.59854015
0.26229508 0.18032787 0.03278689 0.14754098 0.24590164 0.13114754
0.11724138 0.46896552 0.20689655 0.10344828 0.00000000 0.10344828
0.00000000 0.00000000 0.37096774 0.00000000 0.62903226 0.00000000
0.10144928 0.00724638 0.36231884 0.13768116 0.00000000 0.39130435
0.00000000 0.13636364 0.45454545 0.00000000 0.00000000 0.40909091
0.00000000 0.00000000 0.40860215 0.07526882 0.39784946 0.11827957
0.00000000 0.00000000 0.21176471 0.00000000 0.78823529 0.00000000
0.07971014 0.01449275 0.22463768 0.34782609 0.05072464 0.28260870
0.04761905 0.02857143 0.34285714 0.24761905 0.17142857 0.16190476
0.24509804 0.23529412 0.12745098 0.05882353 0.20588235 0.12745098
0.00000000 0.00000000 0.15686275 0.00000000 0.84313725 0.00000000
0.24880383 0.30622010 0.00000000 0.23923445 0.00000000 0.20574163
0.00000000 0.01818182 0.52727273 0.00000000 0.45454545 0.00000000
0.00000000 0.00000000 0.27586207 0.06896552 0.56896552 0.08620690
0.00000000 0.00000000 0.13432836 0.00000000 0.86567164 0.00000000
0.00000000 0.00000000 0.17910448 0.00000000 0.82089552 0.00000000
0.12345679 0.11111111 0.00000000 0.23456790 0.00000000 0.53086420
0.15189873 0.15189873 0.03797468 0.18987342 0.30379747 0.16455696
0.00000000 0.00000000 0.00000000 0.86842105 0.00000000 0.13157895
0.00000000 0.00000000 0.00000000 0.55128205 0.24358974 0.20512821
0.00000000 0.00000000 0.14545455 0.00000000 0.85454545 0.00000000
0.00000000 0.00000000 0.05555556 0.44444444 0.50000000 0.00000000
0.10526316 0.09210526 0.10526316 0.17105263 0.00000000 0.52631579
0.20816327 0.25306122 0.06938776 0.23265306 0.00000000 0.23673469
0.06779661 0.13559322 0.16949153 0.06779661 0.33898305 0.22033898
0.00000000 0.00000000 0.00000000 0.11235955 0.70786517 0.17977528
0.33035714 0.01785714 0.05357143 0.50000000 0.00000000 0.09821429
0.01503759 0.00751880 0.18045113 0.52631579 0.00000000 0.27067669
0.19565217 0.04347826 0.21739130 0.26086957 0.02173913 0.26086957
0.00000000 0.00000000 0.37748344 0.03311258 0.49668874 0.09271523
0.00000000 0.00000000 0.19444444 0.00000000 0.80555556 0.00000000
0.00000000 0.00000000 0.27027027 0.00000000 0.72972973 0.00000000
0.21014493 0.02173913 0.17391304 0.45652174 0.00000000 0.13768116
0.00000000 0.06250000 0.81250000 0.00000000 0.12500000 0.00000000
0.27272727 0.19696970 0.23484848 0.09848485 0.00000000 0.19696970
0.23417722 0.05696203 0.01265823 0.53164557 0.00000000 0.16455696
0.21327014 0.18009479 0.00000000 0.35545024 0.00000000 0.25118483
0.00000000 0.09677419 0.19354839 0.00000000 0.70967742 0.00000000
0.14379085 0.11111111 0.40522876 0.09150327 0.00000000 0.24836601
0.14285714 0.17857143 0.67857143 0.00000000 0.00000000 0.00000000
0.00000000 0.00000000 0.17204301 0.17204301 0.39784946 0.25806452
0.10465116 0.17441860 0.32558140 0.17441860 0.05813953 0.16279070
0.09411765 0.08235294 0.00000000 0.14117647 0.00000000 0.68235294
0.24418605 0.16279070 0.17441860 0.34883721 0.00000000 0.06976744
0.00000000 0.00000000 0.15217391 0.00000000 0.84782609 0.00000000
0.03225806 0.00000000 0.46451613 0.00000000 0.40000000 0.10322581
0.08805031 0.01257862 0.06289308 0.29559748 0.00000000 0.54088050
0.48387097 0.20967742 0.14516129 0.12903226 0.00000000 0.03225806
0.14606742 0.02247191 0.00000000 0.42696629 0.00000000 0.40449438
0.00000000 0.00000000 0.05194805 0.03896104 0.81818182 0.09090909
0.05681818 0.00000000 0.11363636 0.36931818 0.00000000 0.46022727
0.00000000 0.00000000 0.18292683 0.00000000 0.81707317 0.00000000
0.54166667 0.05833333 0.15833333 0.10833333 0.00000000 0.13333333
0.24731183 0.26881720 0.13978495 0.21505376 0.00000000 0.12903226
0.08000000 0.00000000 0.07000000 0.28000000 0.00000000 0.57000000
0.00000000 0.08791209 0.28571429 0.04395604 0.13186813 0.45054945
0.00000000 0.00000000 0.61111111 0.00000000 0.02777778 0.36111111
0.09859155 0.05633803 0.11267606 0.02816901 0.00000000 0.70422535
0.00000000 0.00000000 0.47272727 0.00000000 0.52727273 0.00000000
0.00000000 0.00000000 0.37662338 0.18181818 0.11688312 0.32467532
0.00000000 0.12280702 0.49122807 0.19298246 0.12280702 0.07017544
0.36363636 0.00000000 0.36363636 0.00000000 0.27272727 0.00000000
0.00000000 0.00000000 0.30263158 0.00000000 0.69736842 0.00000000
0.00000000 0.00000000 0.42222222 0.00000000 0.57777778 0.00000000
0.00000000 0.00000000 0.17142857 0.17142857 0.05714286 0.60000000
0.00000000 0.07812500 0.29687500 0.00000000 0.60937500 0.01562500
0.00000000 0.13043478 0.73913043 0.13043478 0.00000000 0.00000000
0.02083333 0.00000000 0.32291667 0.17708333 0.02083333 0.45833333
0.00000000 0.00000000 0.00000000 0.00000000 1.00000000 0.00000000
0.00000000 0.57142857 0.00000000 0.00000000 0.00000000 0.42857143
0.00000000 0.00000000 0.26785714 0.14285714 0.00000000 0.58928571
0.11188811 0.10489510 0.18881119 0.17482517 0.10489510 0.31468531
0.13432836 0.00000000 0.04477612 0.35820896 0.12686567 0.33582090
0.00000000 0.00000000 0.00000000 0.00000000 1.00000000 0.00000000
0.00000000 0.00000000 0.55813953 0.27906977 0.02325581 0.13953488
0.00000000 0.00000000 0.23943662 0.00000000 0.76056338 0.00000000
0.00000000 0.09090909 0.15384615 0.32167832 0.01398601 0.41958042
0.34090909 0.06818182 0.21969697 0.14393939 0.00000000 0.22727273
0.11926606 0.14678899 0.19266055 0.00000000 0.00000000 0.54128440
0.00000000 0.00000000 0.48750000 0.00000000 0.51250000 0.00000000
0.00000000 0.00000000 0.00000000 0.00000000 1.00000000 0.00000000
0.17000000 0.21000000 0.32000000 0.08000000 0.11000000 0.11000000
0.00000000 0.00000000 0.16071429 0.26785714 0.31250000 0.25892857
0.00000000 0.00000000 0.42352941 0.10588235 0.41176471 0.05882353
0.00000000 0.00000000 0.04000000 0.00000000 0.96000000 0.00000000
0.00000000 0.00000000 0.26415094 0.00000000 0.73584906 0.00000000
0.03278689 0.00000000 0.18032787 0.04918033 0.13114754 0.60655738
0.13846154 0.26153846 0.50769231 0.03076923 0.00000000 0.06153846
0.23270440 0.08805031 0.03144654 0.27044025 0.08176101 0.29559748
0.15238095 0.00000000 0.00000000 0.30476190 0.00000000 0.54285714
0.19736842 0.00000000 0.00000000 0.55921053 0.00000000 0.24342105
0.00000000 0.00000000 0.00000000 0.00000000 1.00000000 0.00000000
0.00000000 0.00000000 0.20754717 0.00000000 0.79245283 0.00000000
0.00000000 0.00000000 0.44230769 0.00000000 0.55769231 0.00000000
0.11811024 0.07874016 0.09448819 0.38582677 0.00000000 0.32283465
0.00000000 0.00000000 0.58000000 0.26000000 0.16000000 0.00000000
0.28682171 0.25581395 0.00000000 0.20155039 0.00000000 0.25581395
0.02409639 0.00000000 0.10843373 0.49397590 0.30120482 0.07228916
0.00000000 0.09090909 0.80519481 0.00000000 0.10389610 0.00000000
0.00000000 0.00000000 0.23170732 0.02439024 0.71951220 0.02439024
0.22950820 0.13934426 0.11475410 0.15573770 0.11475410 0.24590164
0.21341463 0.09146341 0.03048780 0.46341463 0.00000000 0.20121951
0.04819277 0.00000000 0.16867470 0.42168675 0.09638554 0.26506024
0.09090909 0.12121212 0.22727273 0.09090909 0.42424242 0.04545455
0.00000000 0.00000000 0.35483871 0.04301075 0.27956989 0.32258065
0.00000000 0.00000000 0.41666667 0.00000000 0.41666667 0.16666667
0.00000000 0.00000000 0.13186813 0.19780220 0.60439560 0.06593407
0.04000000 0.33000000 0.00000000 0.26000000 0.00000000 0.37000000
0.00000000 0.00000000 0.21333333 0.00000000 0.78666667 0.00000000
0.00000000 0.00000000 0.37974684 0.15189873 0.20253165 0.26582278
0.14093960 0.09395973 0.22147651 0.06040268 0.10738255 0.37583893
0.32608696 0.05434783 0.20652174 0.14130435 0.00000000 0.27173913
0.00000000 0.00000000 0.13541667 0.59375000 0.00000000 0.27083333
0.00000000 0.00000000 0.31481481 0.00000000 0.68518519 0.00000000
0.00000000 0.00000000 0.02777778 0.44444444 0.00000000 0.52777778
0.33333333 0.20833333 0.15833333 0.00000000 0.00000000 0.30000000
0.30882353 0.25000000 0.05882353 0.05882353 0.07352941 0.25000000
0.00000000 0.00000000 0.13043478 0.00000000 0.76086957 0.10869565
0.05691057 0.08130081 0.01626016 0.60975610 0.00000000 0.23577236
0.29545455 0.34090909 0.00000000 0.00000000 0.04545455 0.31818182
0.03478261 0.00000000 0.16521739 0.38260870 0.07826087 0.33913043
0.03030303 0.00606061 0.01818182 0.46666667 0.00000000 0.47878788
0.00000000 0.00000000 0.21739130 0.00000000 0.78260870 0.00000000
0.00000000 0.31313131 0.52525253 0.00000000 0.16161616 0.00000000
0.00000000 0.00000000 0.58181818 0.00000000 0.41818182 0.00000000
0.29824561 0.12280702 0.03508772 0.49122807 0.03508772 0.01754386
0.26086957 0.07608696 0.22826087 0.14130435 0.00000000 0.29347826
0.04545455 0.00000000 0.00000000 0.22727273 0.00000000 0.72727273
0.23387097 0.23387097 0.00000000 0.26612903 0.00000000 0.26612903
0.00000000 0.00000000 0.18333333 0.00000000 0.81666667 0.00000000
0.00000000 0.12643678 0.67816092 0.00000000 0.19540230 0.00000000
0.24043716 0.07103825 0.07103825 0.16939891 0.00000000 0.44808743
0.00000000 0.00000000 0.21505376 0.25806452 0.00000000 0.52688172
0.00000000 0.00000000 0.60273973 0.08219178 0.31506849 0.00000000
0.16363636 0.30909091 0.08181818 0.15454545 0.00000000 0.29090909
0.14864865 0.01351351 0.18918919 0.06756757 0.10810811 0.47297297
0.03053435 0.41221374 0.06106870 0.42748092 0.00000000 0.06870229
0.02702703 0.02702703 0.20270270 0.06756757 0.66216216 0.01351351
0.00000000 0.00000000 0.39215686 0.00000000 0.60784314 0.00000000
0.00000000 0.00000000 0.58620690 0.00000000 0.41379310 0.00000000
0.00000000 0.00000000 0.50000000 0.14583333 0.22916667 0.12500000
0.00000000 0.00000000 0.39449541 0.16513761 0.00000000 0.44036697
0.02459016 0.00000000 0.17213115 0.38524590 0.00819672 0.40983607
0.00000000 0.00000000 0.00000000 0.00000000 0.71764706 0.28235294
0.00000000 0.00000000 0.18604651 0.06976744 0.00000000 0.74418605
0.09090909 0.00000000 0.19834711 0.15702479 0.00000000 0.55371901
0.06250000 0.01562500 0.06250000 0.04687500 0.76562500 0.04687500
0.50000000 0.08333333 0.19791667 0.10416667 0.00000000 0.11458333
0.00000000 0.00000000 0.34020619 0.00000000 0.61855670 0.04123711
0.00000000 0.00000000 0.61038961 0.14285714 0.05194805 0.19480519
0.00000000 0.14457831 0.65060241 0.00000000 0.20481928 0.00000000
0.33333333 0.23333333 0.10000000 0.00000000 0.00000000 0.33333333
0.28571429 0.08035714 0.01785714 0.35714286 0.01785714 0.24107143
0.00000000 0.05769231 0.66346154 0.00000000 0.27884615 0.00000000
0.00000000 0.10000000 0.00000000 0.00000000 0.00000000 0.90000000
0.02739726 0.00000000 0.16438356 0.09589041 0.00000000 0.71232877
0.00000000 0.00000000 0.42666667 0.00000000 0.57333333 0.00000000
0.00000000 0.00000000 0.45161290 0.00000000 0.54838710 0.00000000
0.04545455 0.03030303 0.18181818 0.25757576 0.33333333 0.15151515
0.00000000 0.00000000 0.82857143 0.00000000 0.17142857 0.00000000
0.19473684 0.04736842 0.11052632 0.30000000 0.00000000 0.34736842
0.00000000 0.00000000 0.38571429 0.00000000 0.61428571 0.00000000
0.00000000 0.00000000 0.45161290 0.00000000 0.54838710 0.00000000
0.00000000 0.00000000 0.09278351 0.12371134 0.00000000 0.78350515
0.13392857 0.05357143 0.15178571 0.42857143 0.10714286 0.12500000
0.00000000 0.00000000 0.33333333 0.04444444 0.60000000 0.02222222
0.00000000 0.00000000 0.22388060 0.00000000 0.77611940 0.00000000
0.35294118 0.17647059 0.47058824 0.00000000 0.00000000 0.00000000
0.65384615 0.00000000 0.03846154 0.30769231 0.00000000 0.00000000
0.00000000 0.01886792 0.05660377 0.45283019 0.00000000 0.47169811
0.00000000 0.00000000 0.31818182 0.14772727 0.04545455 0.48863636
0.10294118 0.00000000 0.02205882 0.28676471 0.00000000 0.58823529
